wbc 0.00 0 0 71.8793686583991 146.25253664036077 141.35625704622322 247.1612175873732 0 0 0 0 0 0 0
rbc 0.00 0 0 0.0 31.972942502818487 26.16910935738444 88.42615558060879 0 0 0 0 0 0 0
rbc 0.00 0 0 12.55129650507328 33.18940248027057 51.44532130777903 85.17812852311161 0 0 0 0 0 0 0
rbc 0.00 0 0 2.988726042841037 82.86809470124012 56.62908680947013 147.63697857948137 0 0 0 0 0 0 0
rbc 0.00 0 0 82.64599774520856 0.5208568207440811 116.72040586245772 29.232243517474632 0 0 0 0 0 0 0
rbc 0.00 0 0 105.75760992108228 0.0 139.15670800450957 25.210822998872604 0 0 0 0 0 0 0
rbc 0.00 0 0 133.55693348365276 0.0 155.86133032694474 21.27959413754228 0 0 0 0 0 0 0
rbc 0.00 0 0 178.50169109357384 0.0 207.97294250281848 15.277339346110484 0 0 0 0 0 0 0
rbc 0.00 0 0 199.67192784667415 0.0 233.3325817361894 29.7587373167982 0 0 0 0 0 0 0
rbc 0.00 0 0 217.52987598647124 0.0 256.0 52.51071025930101 0 0 0 0 0 0 0
rbc 0.00 0 0 224.7790304396843 38.80383314543405 256.0 93.96392333709132 0 0 0 0 0 0 0
rbc 0.00 0 0 154.55129650507328 4.600901916572717 201.99661781285232 57.61330326944757 0 0 0 0 0 0 0
rbc 0.00 0 0 109.20180383314543 22.6065388951522 166.28861330326944 80.49492671927845 0 0 0 0 0 0 0
rbc 0.00 0 0 73.16910935738444 48.98196166854566 137.92446448703495 106.91882750845546 0 0 0 0 0 0 0
rbc 0.00 0 0 61.70349492671927 97.03945885005636 113.9368658399098 150.9425028184893 0 0 0 0 0 0 0
rbc 0.00 0 0 45.83540022547914 115.39797068771138 91.79932356257046 166.36640360766629 0 0 0 0 0 0 0
rbc 0.00 0 0 0.0 152.66967305524238 10.703494926719278 198.8083427282976 0 0 0 0 0 0 0
rbc 0.00 0 0 10.587373167981962 158.76324689966177 57.45321307779031 209.6392333709132 0 0 0 0 0 0 0
rbc 0.00 0 0 165.73393461104848 60.79030439684329 228.51972942502815 114.75084554678692 0 0 0 0 0 0 0
rbc 0.00 0 0 195.1781285231116 92.65388951521984 254.0462232243517 151.65388951521984 0 0 0 0 0 0 0
rbc 0.00 0 0 137.22096956031567 110.26832018038333 193.6471251409245 170.695603156708 0 0 0 0 0 0 0
rbc 0.00 0 0 239.3618940248027 140.35851183765502 256.0 191.01127395715892 0 0 0 0 0 0 0
rbc 0.00 0 0 0.0 207.0563697857948 22.87260428410372 255.71364148816232 0 0 0 0 0 0 0
rbc 0.00 0 0 0.0 220.8297632468997 49.55918827508455 256.0 0 0 0 0 0 0 0
rbc 0.00 0 0 52.524239007891765 237.65276211950396 100.9391206313416 256.0 0 0 0 0 0 0 0
rbc 0.00 0 0 143.1758737316798 229.61217587373167 194.674182638106 256.0 0 0 0 0 0 0 0
rbc 0.00 0 0 176.6009019165727 230.65388951521984 223.7034949267193 256.0 0 0 0 0 0 0 0
