wbc 0.00 0 0 74.815107102593 102.206313416009 135.55806087936864 164.52762119503944 0 0 0 0 0 0 0
rbc 0.00 0 0 0.0 24.234498308906424 39.13077790304396 71.53664036076663 0 0 0 0 0 0 0
rbc 0.00 0 0 0.0 52.339346110484776 35.75422773393461 107.46786922209697 0 0 0 0 0 0 0
rbc 0.00 0 0 7.599774520856821 1.0924464487034948 65.11161217587373 52.32807215332582 0 0 0 0 0 0 0
rbc 0.00 0 0 87.31567080045096 0.0 139.97406989853437 19.26268320180383 0 0 0 0 0 0 0
rbc 0.00 0 0 164.00789177001127 0.0 222.91882750845545 21.261555806087937 0 0 0 0 0 0 0
rbc 0.00 0 0 56.42728297632469 28.32243517474633 102.79368658399098 76.8139797068771 0 0 0 0 0 0 0
rbc 0.00 0 0 103.5129650507328 37.80947012401353 151.58624577226607 89.71251409244644 0 0 0 0 0 0 0
rbc 0.00 0 0 119.83427282976324 27.089064261555805 174.85118376550167 84.61781285231116 0 0 0 0 0 0 0
rbc 0.00 0 0 195.65276211950396 24.89064261555806 243.9661781285231 81.18827508455468 0 0 0 0 0 0 0
rbc 0.00 0 0 197.22435174746332 55.92446448703495 256.0 106.87034949267192 0 0 0 0 0 0 0
rbc 0.00 0 0 234.79368658399096 90.94475760992108 256.0 135.37429537767756 0 0 0 0 0 0 0
rbc 0.00 0 0 131.20293122886133 87.44532130777903 185.8421645997745 131.10484780157833 0 0 0 0 0 0 0
rbc 0.00 0 0 139.00789177001127 112.71364148816234 198.60992108229988 166.9064261555806 0 0 0 0 0 0 0
rbc 0.00 0 0 133.52311161217588 139.28748590755353 190.6065388951522 192.18376550169108 0 0 0 0 0 0 0
rbc 0.00 0 0 36.40248027057497 86.68432919954904 73.5129650507328 154.28635851183765 0 0 0 0 0 0 0
rbc 0.00 0 0 0.4047350620067643 116.49154453213076 47.301014656144304 173.57046223224353 0 0 0 0 0 0 0
rbc 0.00 0 0 1.201803833145434 139.17023675310034 56.36865839909808 195.22322435174743 0 0 0 0 0 0 0
rbc 0.00 0 0 46.88613303269448 156.9706877113867 100.0281848928974 206.8410372040586 0 0 0 0 0 0 0
rbc 0.00 0 0 0.0 194.52987598647124 32.800450958286355 241.28297632469 0 0 0 0 0 0 0
rbc 0.00 0 0 0.0 247.29199549041712 31.87598647125141 256.0 0 0 0 0 0 0 0
rbc 0.00 0 0 33.11950394588501 232.456595264938 83.6369785794814 256.0 0 0 0 0 0 0 0
rbc 0.00 0 0 21.10259301014656 209.0383314543405 75.32807215332582 247.8748590755355 0 0 0 0 0 0 0
rbc 0.00 0 0 64.66854565952649 188.8297632468997 122.38105975197294 243.90191657271703 0 0 0 0 0 0 0
rbc 0.00 0 0 107.05073280721533 186.2085682074408 153.9052987598647 243.15445321307777 0 0 0 0 0 0 0
rbc 0.00 0 0 198.52762119503944 128.2965050732807 254.3551296505073 179.391206313416 0 0 0 0 0 0 0
rbc 0.00 0 0 190.4430665163472 153.15783540022548 242.64599774520852 204.6685456595265 0 0 0 0 0 0 0
rbc 0.00 0 0 236.00789177001127 180.967305524239 256.0 237.20293122886133 0 0 0 0 0 0 0
rbc 0.00 0 0 214.9909808342728 230.56257046223223 255.5062006764374 256.0 0 0 0 0 0 0 0
rbc 0.00 0 0 185.3652762119504 206.5569334836528 232.64261555806087 243.52198421646 0 0 0 0 0 0 0
rbc 0.00 0 0 157.43630214205186 211.5186020293123 210.9143179255919 256.0 0 0 0 0 0 0 0
rbc 0.00 0 0 132.79481397970687 246.95603156708003 171.67643742953777 256.0 0 0 0 0 0 0 0
