wbc 0.00 0 0 85.40698985343856 86.75197294250282 187.2480270574972 192.03720405862455 0 0 0 0 0 0 0
rbc 0.00 0 0 0.0 0.0 33.13077790304397 40.00901916572717 0 0 0 0 0 0 0
rbc 0.00 0 0 34.77226606538895 0.0 95.03382187147687 38.07553551296505 0 0 0 0 0 0 0
rbc 0.00 0 0 96.89177001127396 0.0 153.61555806087935 25.071025930101463 0 0 0 0 0 0 0
rbc 0.00 0 0 116.50056369785794 0.0 170.53438556933483 31.863585118376548 0 0 0 0 0 0 0
rbc 0.00 0 0 244.98872604284105 0.0 256.0 39.16347237880496 0 0 0 0 0 0 0
rbc 0.00 0 0 195.13303269447576 5.625704622322435 243.9605411499436 56.33709131905299 0 0 0 0 0 0 0
rbc 0.00 0 0 183.10597519729424 23.492671927846672 237.1984216459977 80.695603156708 0 0 0 0 0 0 0
rbc 0.00 0 0 136.22435174746334 31.981961668545654 179.43066516347236 84.65952649379932 0 0 0 0 0 0 0
rbc 0.00 0 0 0.0180383314543404 61.11837655016911 40.16798196166855 110.86020293122886 0 0 0 0 0 0 0
rbc 0.00 0 0 5.733934611048478 107.08004509582864 54.03607666290868 160.81172491544532 0 0 0 0 0 0 0
rbc 0.00 0 0 0.0 147.4532130777903 16.830890642615557 187.14092446448703 0 0 0 0 0 0 0
rbc 0.00 0 0 0.0 177.7880496054115 23.6054114994363 220.67756482525365 0 0 0 0 0 0 0
rbc 0.00 0 0 0.0 201.4475760992108 33.425028184892895 243.18827508455468 0 0 0 0 0 0 0
rbc 0.00 0 0 45.59864712514092 234.3134160090192 93.90078917700112 256.0 0 0 0 0 0 0 0
rbc 0.00 0 0 0.0 231.1803833145434 42.74520856820744 256.0 0 0 0 0 0 0 0
rbc 0.00 0 0 94.5479143179256 196.22435174746332 142.50394588500563 239.40473506200675 0 0 0 0 0 0 0
rbc 0.00 0 0 190.72829763246895 112.19954904171364 240.25253664036077 159.28974069898533 0 0 0 0 0 0 0
rbc 0.00 0 0 199.68545659526487 138.14317925591882 252.6031567080045 190.34611048478016 0 0 0 0 0 0 0
rbc 0.00 0 0 129.58286358511836 181.73393461104848 186.5986471251409 225.34723788049607 0 0 0 0 0 0 0
rbc 0.00 0 0 188.7576099210823 190.4430665163472 245.43517474633595 238.7158962795941 0 0 0 0 0 0 0
rbc 0.00 0 0 211.61104847801576 213.4002254791432 255.8094701240135 253.7485907553551 0 0 0 0 0 0 0
rbc 0.00 0 0 178.25140924464486 244.71025930101464 210.64487034949263 256.0 0 0 0 0 0 0 0
rbc 0.00 0 0 123.89515219842164 217.5095828635851 186.5163472378805 255.6696730552424 0 0 0 0 0 0 0
rbc 0.00 0 0 31.17249154453213 120.33821871476889 79.6944757609921 166.34498308906427 0 0 0 0 0 0 0
