wbc 0.00 0 0 79.06426155580608 99.49605411499437 149.76550169109356 185.3742953776776 0 0 0 0 0 0 0
rbc 0.00 0 0 0.0 0.0 46.53213077790304 31.6674182638106 0 0 0 0 0 0 0
rbc 0.00 0 0 49.14543404735062 0.0 100.7542277339346 23.80608793686584 0 0 0 0 0 0 0
rbc 0.00 0 0 128.7485907553551 0.0 184.97745208568205 18.747463359639237 0 0 0 0 0 0 0
rbc 0.00 0 0 73.37091319052988 0.8703494926719278 133.0 52.812852311161215 0 0 0 0 0 0 0
rbc 0.00 0 0 0.0 30.764374295377674 28.09695603156708 82.7226606538895 0 0 0 0 0 0 0
rbc 0.00 0 0 0.0 75.24689966178128 32.331454340473506 126.9391206313416 0 0 0 0 0 0 0
rbc 0.00 0 0 55.73618940248027 38.2130777903044 112.8455467869222 95.9718151071026 0 0 0 0 0 0 0
rbc 0.00 0 0 33.19842164599774 76.19616685456594 81.86133032694475 133.27846674182638 0 0 0 0 0 0 0
rbc 0.00 0 0 229.8500563697858 17.525366403607666 256.0 75.41037204058624 0 0 0 0 0 0 0
rbc 0.00 0 0 194.98534385569332 6.81510710259301 236.88387824126264 83.31116121758737 0 0 0 0 0 0 0
rbc 0.00 0 0 151.52536640360765 27.436302142051854 208.88275084554675 99.5715896279594 0 0 0 0 0 0 0
rbc 0.00 0 0 106.44870349492672 73.77339346110485 165.62457722660653 133.35174746335963 0 0 0 0 0 0 0
rbc 0.00 0 0 159.6583990980834 87.3934611048478 216.7463359639233 141.25930101465616 0 0 0 0 0 0 0
rbc 0.00 0 0 241.8827508455468 128.23111612175873 256.0 177.65501691093573 0 0 0 0 0 0 0
rbc 0.00 0 0 170.94701240135288 132.99436302142053 243.0281848928974 186.23224351747464 0 0 0 0 0 0 0
rbc 0.00 0 0 192.06764374295375 178.74520856820743 247.6324689966178 223.34047350620068 0 0 0 0 0 0 0
rbc 0.00 0 0 231.56257046223223 214.3291995490417 256.0 253.55355129650508 0 0 0 0 0 0 0
rbc 0.00 0 0 172.36640360766629 219.05298759864712 227.09695603156703 256.0 0 0 0 0 0 0 0
rbc 0.00 0 0 115.38331454340474 195.46335963923335 176.43066516347238 245.9086809470124 0 0 0 0 0 0 0
rbc 0.00 0 0 91.12514092446447 239.4915445321308 145.8816234498309 256.0 0 0 0 0 0 0 0
rbc 0.00 0 0 56.63246899661781 182.4904171364149 118.0563697857948 235.2412626832018 0 0 0 0 0 0 0
rbc 0.00 0 0 0.0 119.0631341600902 28.33032694475761 169.63810597519728 0 0 0 0 0 0 0
rbc 0.00 0 0 0.0 170.09695603156706 11.295377677564824 204.80608793686585 0 0 0 0 0 0 0
rbc 0.00 0 0 26.47350620067644 225.1803833145434 88.0011273957159 256.0 0 0 0 0 0 0 0
rbc 0.00 0 0 1.419391206313416 187.0913190529876 53.26268320180383 247.50169109357384 0 0 0 0 0 0 0
