wbc 0.00 0 0 139.40586245772266 22.685456595264935 236.9379932356257 126.76324689966178 0 0 0 0 0 0 0
rbc 0.00 0 0 0.0 0.0 18.96392333709132 39.19165727170237 0 0 0 0 0 0 0
rbc 0.00 0 0 18.431792559188278 0.0 75.6358511837655 29.70913190529876 0 0 0 0 0 0 0
rbc 0.00 0 0 66.74295377677565 0.0 96.86583990980834 28.19954904171364 0 0 0 0 0 0 0
rbc 0.00 0 0 97.59639233370912 1.5219842164599773 149.22435174746334 59.21645997745208 0 0 0 0 0 0 0
rbc 0.00 0 0 223.1781285231116 1.0698985343855694 256.0 22.88162344983089 0 0 0 0 0 0 0
rbc 0.00 0 0 239.02254791431795 15.471251409244644 256.0 59.56820744081172 0 0 0 0 0 0 0
rbc 0.00 0 0 0.0 41.24577226606539 10.645997745208568 85.32807215332582 0 0 0 0 0 0 0
rbc 0.00 0 0 0.0 68.46335963923337 14.790304396843291 115.31454340473506 0 0 0 0 0 0 0
rbc 0.00 0 0 13.20293122886133 30.17700112739572 68.45885005636978 89.31454340473506 0 0 0 0 0 0 0
rbc 0.00 0 0 16.043968432919954 81.70800450958286 71.85682074408118 138.1792559188275 0 0 0 0 0 0 0
rbc 0.00 0 0 42.412626832018034 83.04171364148816 91.70800450958284 131.9988726042841 0 0 0 0 0 0 0
rbc 0.00 0 0 93.40248027057496 103.89740698985344 148.54114994363022 159.68996617812851 0 0 0 0 0 0 0
rbc 0.00 0 0 72.89515219842164 122.78128523111612 135.1803833145434 175.6324689966178 0 0 0 0 0 0 0
rbc 0.00 0 0 15.304396843291997 143.8432919954904 76.6944757609921 197.5479143179256 0 0 0 0 0 0 0
rbc 0.00 0 0 144.9616685456595 125.3934611048478 200.130777903044 182.2987598647125 0 0 0 0 0 0 0
rbc 0.00 0 0 170.27621195039458 128.43742953776774 222.7857948139797 185.3889515219842 0 0 0 0 0 0 0
rbc 0.00 0 0 224.47350620067644 133.18376550169108 256.0 195.0157835400225 0 0 0 0 0 0 0
rbc 0.00 0 0 212.04171364148812 223.8421645997745 256.0 256.0 0 0 0 0 0 0 0
rbc 0.00 0 0 163.50845546786925 236.7001127395716 210.32243517474635 256.0 0 0 0 0 0 0 0
rbc 0.00 0 0 154.7891770011274 209.51972942502815 211.8759864712514 251.78015783540025 0 0 0 0 0 0 0
rbc 0.00 0 0 89.37091319052988 180.8748590755355 150.76211950394588 242.71364148816235 0 0 0 0 0 0 0
rbc 0.00 0 0 57.596392333709126 176.49154453213075 112.52874859075536 227.74746335963923 0 0 0 0 0 0 0
rbc 0.00 0 0 65.8196166854566 230.32130777903043 119.79481397970687 256.0 0 0 0 0 0 0 0
rbc 0.00 0 0 0.0 235.2344983089064 30.27959413754228 256.0 0 0 0 0 0 0 0
rbc 0.00 0 0 8.757609921082299 202.80496054114997 71.70913190529876 256.0 0 0 0 0 0 0 0
