wbc 0.00 0 0 149.1228861330327 71.54114994363022 235.42953776775647 175.0901916572717 0 0 0 0 0 0 0
wbc 0.00 0 0 44.476888387824125 143.2649379932356 130.60766629086808 239.03269447576096 0 0 0 0 0 0 0
rbc 0.00 0 0 0.0 0.0 28.26719278466742 34.32356257046223 0 0 0 0 0 0 0
rbc 0.00 0 0 76.76437429537768 0.0 128.95039458850056 18.01803833145434 0 0 0 0 0 0 0
rbc 0.00 0 0 10.832018038331451 15.819616685456594 66.49041713641488 73.2750845546787 0 0 0 0 0 0 0
rbc 0.00 0 0 0.0 58.71025930101465 30.240135287485906 120.77452085682074 0 0 0 0 0 0 0
rbc 0.00 0 0 141.0518602029312 0.798196166854566 201.42502818489288 54.25817361894025 0 0 0 0 0 0 0
rbc 0.00 0 0 104.0586245772266 4.264937993235626 163.3607666290868 62.766629086809466 0 0 0 0 0 0 0
rbc 0.00 0 0 72.6978579481398 31.124013528748588 119.27959413754228 85.68432919954904 0 0 0 0 0 0 0
rbc 0.00 0 0 39.3618940248027 50.41375422773393 92.20180383314542 98.6989853438557 0 0 0 0 0 0 0
rbc 0.00 0 0 34.11048478015783 78.80496054114994 77.82525366403607 120.22547914317926 0 0 0 0 0 0 0
rbc 0.00 0 0 16.99098083427283 98.543404735062 70.8196166854566 153.49379932356254 0 0 0 0 0 0 0
rbc 0.00 0 0 116.69222096956032 56.36753100338218 161.92784667418263 103.25028184892898 0 0 0 0 0 0 0
rbc 0.00 0 0 73.22435174746336 95.4825253664036 107.85794813979706 141.14092446448703 0 0 0 0 0 0 0
rbc 0.00 0 0 102.66065388951522 90.10710259301014 145.6009019165727 126.87936865839907 0 0 0 0 0 0 0
rbc 0.00 0 0 102.65614430665164 117.89966178128525 146.7012401352875 172.71364148816235 0 0 0 0 0 0 0
rbc 0.00 0 0 237.0890642615558 182.4678692220969 256.0 216.9605411499436 0 0 0 0 0 0 0
rbc 0.00 0 0 183.1815107102593 178.46786922209694 231.97632468996616 223.86133032694477 0 0 0 0 0 0 0
rbc 0.00 0 0 201.2987598647125 236.4859075535513 246.41488162344984 256.0 0 0 0 0 0 0 0
rbc 0.00 0 0 209.22547914317929 226.0496054114994 256.0 255.2367531003382 0 0 0 0 0 0 0
rbc 0.00 0 0 139.44306651634724 205.98421645997743 180.44081172491545 242.34949267192783 0 0 0 0 0 0 0
rbc 0.00 0 0 110.93348365276212 212.67192784667415 160.65839909808344 252.1161217587373 0 0 0 0 0 0 0
rbc 0.00 0 0 0.0 135.6392333709132 26.165727170236757 180.13754227733935 0 0 0 0 0 0 0
rbc 0.00 0 0 0.0 164.35851183765502 28.35738444193912 218.40924464487037 0 0 0 0 0 0 0
rbc 0.00 0 0 0.0 179.55016910935737 42.85794813979707 231.19391206313412 0 0 0 0 0 0 0
rbc 0.00 0 0 0.0 233.04847801578356 20.821871476888383 256.0 0 0 0 0 0 0 0
