wbc 0.00 0 0 13.404735062006765 43.10710259301015 166.95039458850053 148.4532130777903 0 0 0 0 0 0 0
rbc 0.00 0 0 0.0 38.60202931228861 59.44644870349492 87.87147688838783 0 0 0 0 0 0 0
rbc 0.00 0 0 0.2063134160090191 81.07553551296505 13.001127395715896 130.0518602029312 0 0 0 0 0 0 0
rbc 0.00 0 0 203.31454340473505 0.0 256.0 22.741826381059752 0 0 0 0 0 0 0
rbc 0.00 0 0 141.61555806087935 0.0 201.09244644870347 16.047350620067643 0 0 0 0 0 0 0
rbc 0.00 0 0 111.30777903043968 0.4836527621195039 172.6042841037204 51.41826381059752 0 0 0 0 0 0 0
rbc 0.00 0 0 156.6640360766629 36.42615558060879 211.0969560315671 99.26832018038333 0 0 0 0 0 0 0
rbc 0.00 0 0 199.0586245772266 39.96730552423901 253.69898534385567 100.29537767756484 0 0 0 0 0 0 0
rbc 0.00 0 0 237.90078917700112 81.58624577226607 256.0 124.6989853438557 0 0 0 0 0 0 0
rbc 0.00 0 0 193.8771138669673 104.34949267192783 255.6042841037204 162.77903043968433 0 0 0 0 0 0 0
rbc 0.00 0 0 13.43968432919955 145.28410372040585 68.61217587373167 192.41037204058625 0 0 0 0 0 0 0
rbc 0.00 0 0 80.12965050732807 151.09582863585118 137.80383314543406 206.4340473506201 0 0 0 0 0 0 0
rbc 0.00 0 0 119.07215332581735 157.61555806087935 167.8714768883878 216.22435174746332 0 0 0 0 0 0 0
rbc 0.00 0 0 173.55129650507328 154.10484780157836 229.70574971815108 206.1510710259301 0 0 0 0 0 0 0
rbc 0.00 0 0 11.013528748590756 240.0518602029312 69.38218714768884 256.0 0 0 0 0 0 0 0
rbc 0.00 0 0 5.650507328072153 198.25930101465613 72.86133032694475 245.1758737316798 0 0 0 0 0 0 0
rbc 0.00 0 0 52.95715896279594 183.76437429537768 106.80834272829762 236.5095828635851 0 0 0 0 0 0 0
rbc 0.00 0 0 109.37655016910936 217.14092446448703 159.34611048478016 256.0 0 0 0 0 0 0 0
rbc 0.00 0 0 164.86133032694474 221.98534385569332 230.3923337091319 256.0 0 0 0 0 0 0 0
rbc 0.00 0 0 161.9086809470124 195.41600901916573 225.0270574971815 239.79481397970687 0 0 0 0 0 0 0
