wbc 0.00 0 0 81.53325817361893 101.10822998872604 187.3607666290868 199.41375422773396 0 0 0 0 0 0 0
rbc 0.00 0 0 0.0 0.0 31.86696730552424 38.91657271702368 0 0 0 0 0 0 0
rbc 0.00 0 0 36.08004509582864 0.0 95.4836527621195 27.731679819616684 0 0 0 0 0 0 0
rbc 0.00 0 0 93.76437429537768 0.0 146.5355129650507 46.301014656144304 0 0 0 0 0 0 0
rbc 0.00 0 0 167.4813979706877 0.0 219.0045095828636 26.071025930101463 0 0 0 0 0 0 0
rbc 0.00 0 0 171.07215332581737 6.271702367531003 220.7564825253664 50.83540022547914 0 0 0 0 0 0 0
rbc 0.00 0 0 237.2480270574972 0.125140924464487 256.0 27.28297632468996 0 0 0 0 0 0 0
rbc 0.00 0 0 229.3618940248027 15.32694475760992 256.0 61.43404735062007 0 0 0 0 0 0 0
rbc 0.00 0 0 40.029312288613305 29.33032694475761 101.00789177001128 85.0890642615558 0 0 0 0 0 0 0
rbc 0.00 0 0 104.86133032694477 40.53213077790304 163.0383314543405 87.17136414881622 0 0 0 0 0 0 0
rbc 0.00 0 0 144.47688838782412 41.44644870349492 195.7587373167982 92.46110484780158 0 0 0 0 0 0 0
rbc 0.00 0 0 166.3314543404735 56.04509582863585 213.61894024802703 104.25930101465616 0 0 0 0 0 0 0
rbc 0.00 0 0 235.7767756482525 47.291995490417136 256.0 101.02254791431793 0 0 0 0 0 0 0
rbc 0.00 0 0 214.87034949267192 78.32130777903043 256.0 128.68320180383313 0 0 0 0 0 0 0
rbc 0.00 0 0 210.96279594137545 128.71025930101464 256.0 183.83089064261557 0 0 0 0 0 0 0
rbc 0.00 0 0 181.6910935738444 162.74746335963923 230.7158962795941 210.42277339346109 0 0 0 0 0 0 0
rbc 0.00 0 0 0.0 90.99436302142053 45.45997745208568 141.29425028184892 0 0 0 0 0 0 0
rbc 0.00 0 0 5.010146561443066 82.95152198421646 54.043968432919954 126.41488162344982 0 0 0 0 0 0 0
rbc 0.00 0 0 39.1217587373168 88.18602029312288 89.73055242390078 134.4520856820744 0 0 0 0 0 0 0
rbc 0.00 0 0 0.0 150.79481397970687 30.2130777903044 211.0157835400225 0 0 0 0 0 0 0
rbc 0.00 0 0 29.49943630214205 136.35625704622322 78.77226606538895 193.53664036076665 0 0 0 0 0 0 0
rbc 0.00 0 0 0.0 213.7914317925592 44.57158962795941 256.0 0 0 0 0 0 0 0
rbc 0.00 0 0 50.99210822998872 216.9481397970688 104.98647125140924 256.0 0 0 0 0 0 0 0
rbc 0.00 0 0 105.2085682074408 201.4340473506201 160.73957158962796 249.95490417136412 0 0 0 0 0 0 0
rbc 0.00 0 0 140.65050732807214 209.3134160090192 189.7779030439684 254.50620067643743 0 0 0 0 0 0 0
rbc 0.00 0 0 188.4859075535513 214.40473506200675 233.2514092446449 255.6335963923337 0 0 0 0 0 0 0
rbc 0.00 0 0 240.7226606538895 180.81172491544527 256.0 231.065388951522 0 0 0 0 0 0 0
rbc 0.00 0 0 236.35400225479145 235.22322435174743 256.0 256.0 0 0 0 0 0 0 0
