wbc 0.00 0 0 80.19391206313415 116.0248027057497 171.0259301014656 194.6009019165727 0 0 0 0 0 0 0
rbc 0.00 0 0 0.0 1.1104847801578352 35.96392333709132 55.10484780157835 0 0 0 0 0 0 0
rbc 0.00 0 0 3.0439684329199546 0.0 44.59413754227734 34.31792559188275 0 0 0 0 0 0 0
rbc 0.00 0 0 49.173618940248026 0.0 96.92784667418265 51.08004509582863 0 0 0 0 0 0 0
rbc 0.00 0 0 69.73731679819616 0.0 118.97970687711388 40.02029312288613 0 0 0 0 0 0 0
rbc 0.00 0 0 120.6944757609921 0.0 172.9030439684329 34.17812852311161 0 0 0 0 0 0 0
rbc 0.00 0 0 217.52311161217585 0.649379932356257 256.0 26.19391206313416 0 0 0 0 0 0 0
rbc 0.00 0 0 183.4081172491545 6.666290868094701 231.57497181510712 64.4836527621195 0 0 0 0 0 0 0
rbc 0.00 0 0 164.1792559188275 9.422773393461105 210.7779030439684 65.2085682074408 0 0 0 0 0 0 0
rbc 0.00 0 0 0.0 59.43742953776776 39.24915445321307 112.80496054114994 0 0 0 0 0 0 0
rbc 0.00 0 0 9.421645997745207 41.97632468996618 60.181510710259296 88.38782412626831 0 0 0 0 0 0 0
rbc 0.00 0 0 100.4825253664036 26.228861330326943 163.93010146561443 85.19616685456594 0 0 0 0 0 0 0
rbc 0.00 0 0 231.98421645997743 32.43291995490417 256.0 80.01240135287486 0 0 0 0 0 0 0
rbc 0.00 0 0 225.97519729425028 53.227733934611045 256.0 105.05749718151073 0 0 0 0 0 0 0
rbc 0.00 0 0 133.30890642615557 61.73506200676437 182.7485907553551 108.4216459977452 0 0 0 0 0 0 0
rbc 0.00 0 0 146.91770011273957 74.54904171364149 201.09921082299888 121.02029312288612 0 0 0 0 0 0 0
rbc 0.00 0 0 183.7959413754228 79.01240135287486 233.4374295377677 130.37993235625703 0 0 0 0 0 0 0
rbc 0.00 0 0 234.4791431792559 108.13754227733934 256.0 159.31679819616684 0 0 0 0 0 0 0
rbc 0.00 0 0 216.68545659526487 124.1488162344983 256.0 172.16572717023675 0 0 0 0 0 0 0
rbc 0.00 0 0 185.03382187147687 159.1251409244645 236.65276211950396 211.8726042841037 0 0 0 0 0 0 0
rbc 0.00 0 0 248.0157835400225 210.72829763246895 256.0 244.84892897406988 0 0 0 0 0 0 0
rbc 0.00 0 0 195.7260428410372 176.85456595264938 255.19616685456597 230.09921082299888 0 0 0 0 0 0 0
rbc 0.00 0 0 162.43404735062006 226.23900789177 222.2153325817362 256.0 0 0 0 0 0 0 0
rbc 0.00 0 0 157.50281848928972 213.4171364148816 212.19729425028183 256.0 0 0 0 0 0 0 0
rbc 0.00 0 0 63.91995490417136 60.87598647125141 115.68545659526492 112.33821871476889 0 0 0 0 0 0 0
rbc 0.00 0 0 48.34949267192784 79.90191657271701 93.22998872604283 127.48703494926718 0 0 0 0 0 0 0
rbc 0.00 0 0 36.59526493799324 99.70913190529876 90.99210822998872 148.64937993235625 0 0 0 0 0 0 0
rbc 0.00 0 0 22.531003382187148 147.98421645997743 81.42728297632469 201.2412626832018 0 0 0 0 0 0 0
rbc 0.00 0 0 0.5062006764374295 170.07891770011273 38.997745208568205 223.9988726042841 0 0 0 0 0 0 0
rbc 0.00 0 0 0.0 216.80496054114997 44.34385569334837 250.9954904171364 0 0 0 0 0 0 0
rbc 0.00 0 0 56.55355129650507 182.53664036076665 108.05298759864712 226.34723788049604 0 0 0 0 0 0 0
rbc 0.00 0 0 53.14881623449831 208.01352874859077 105.05524239007892 246.37316798196167 0 0 0 0 0 0 0
rbc 0.00 0 0 73.728297632469 244.85456595264935 136.42728297632468 256.0 0 0 0 0 0 0 0
