wbc 0.00 0 0 24.359639233370917 91.47914317925591 139.71364148816235 205.34723788049604 0 0 0 0 0 0 0
rbc 0.00 0 0 0.0 0.0 37.96730552423901 28.976324689966177 0 0 0 0 0 0 0
rbc 0.00 0 0 36.8782412626832 0.0 85.75760992108229 56.60992108229989 0 0 0 0 0 0 0
rbc 0.00 0 0 0.0 33.65050732807215 15.07553551296505 70.35963923337091 0 0 0 0 0 0 0
rbc 0.00 0 0 0.4802705749718151 57.02593010146561 38.1217587373168 116.44081172491543 0 0 0 0 0 0 0
rbc 0.00 0 0 61.90078917700112 21.076662908680944 123.91882750845544 70.74520856820743 0 0 0 0 0 0 0
rbc 0.00 0 0 103.86020293122886 0.0 171.55806087936867 37.746335963923336 0 0 0 0 0 0 0
rbc 0.00 0 0 142.4813979706877 23.5152198421646 197.4859075535513 82.34498308906426 0 0 0 0 0 0 0
rbc 0.00 0 0 199.8500563697858 0.2029312288613303 252.58850056369783 52.17474633596392 0 0 0 0 0 0 0
rbc 0.00 0 0 186.12965050732805 69.31228861330327 255.70800450958285 127.86245772266064 0 0 0 0 0 0 0
rbc 0.00 0 0 179.38105975197294 113.14543404735062 233.55806087936867 168.4813979706877 0 0 0 0 0 0 0
rbc 0.00 0 0 137.8782412626832 110.75310033821872 179.36640360766629 176.42502818489288 0 0 0 0 0 0 0
rbc 0.00 0 0 211.22773393461105 155.04509582863585 256.0 224.25366403607663 0 0 0 0 0 0 0
rbc 0.00 0 0 155.52423900789177 169.25704622322434 210.9143179255919 241.3562570462232 0 0 0 0 0 0 0
rbc 0.00 0 0 113.22322435174746 167.93235625704622 168.33709131905297 236.10597519729424 0 0 0 0 0 0 0
rbc 0.00 0 0 0.0 184.15558060879368 52.07215332581736 249.4340473506201 0 0 0 0 0 0 0
rbc 0.00 0 0 55.52874859075536 198.9616685456595 112.55467869222096 244.8139797068771 0 0 0 0 0 0 0
rbc 0.00 0 0 172.36527621195037 233.95377677564824 227.7249154453213 254.52874859075533 0 0 0 0 0 0 0
rbc 0.00 0 0 228.01916572717025 244.92333709131904 254.62344983089065 256.0 0 0 0 0 0 0 0
rbc 0.00 0 0 249.0563697857948 213.80496054114997 256.0 241.15558060879368 0 0 0 0 0 0 0
rbc 0.00 0 0 71.21645997745209 241.04284103720408 126.34723788049604 256.0 0 0 0 0 0 0 0
rbc 0.00 0 0 0.0 234.43855693348365 35.32807215332581 255.54114994363024 0 0 0 0 0 0 0
