wbc 0.00 0 0 58.08455467869222 126.16572717023676 144.20293122886133 217.28184892897409 0 0 0 0 0 0 0
rbc 0.00 0 0 0.0 0.0 34.01240135287486 16.140924464487036 0 0 0 0 0 0 0
rbc 0.00 0 0 46.45095828635851 0.0 93.8466741826381 12.949267192784667 0 0 0 0 0 0 0
rbc 0.00 0 0 0.0 16.995490417136413 17.331454340473506 59.91544532130777 0 0 0 0 0 0 0
rbc 0.00 0 0 0.0 55.98196166854566 19.859075535512964 100.70236753100338 0 0 0 0 0 0 0
rbc 0.00 0 0 118.62344983089064 0.0 173.16910935738443 14.78466741826381 0 0 0 0 0 0 0
rbc 0.00 0 0 212.40135287485907 0.0 256.0 10.622322435174748 0 0 0 0 0 0 0
rbc 0.00 0 0 22.404735062006765 22.935738444193912 73.73055242390079 79.9098083427283 0 0 0 0 0 0 0
rbc 0.00 0 0 76.28635851183765 1.7835400225479143 131.2976324689966 58.42841037204059 0 0 0 0 0 0 0
rbc 0.00 0 0 156.7508455467869 3.059751972942503 212.5400225479143 56.76550169109357 0 0 0 0 0 0 0
rbc 0.00 0 0 52.12514092446448 53.45997745208568 102.16121758737316 102.26042841037204 0 0 0 0 0 0 0
rbc 0.00 0 0 61.242390078917694 77.13641488162345 113.84216459977452 123.67643742953776 0 0 0 0 0 0 0
rbc 0.00 0 0 164.47237880496053 58.17925591882751 219.46674182638105 110.87034949267192 0 0 0 0 0 0 0
rbc 0.00 0 0 219.5140924464487 56.23337091319053 254.8105975197294 114.29086809470124 0 0 0 0 0 0 0
rbc 0.00 0 0 146.77339346110483 67.27057497181511 196.07102593010143 113.31679819616684 0 0 0 0 0 0 0
rbc 0.00 0 0 0.0 103.16459977452084 41.13754227733934 154.06538895152198 0 0 0 0 0 0 0
rbc 0.00 0 0 32.965050732807214 116.35512965050732 64.51860202931229 174.21420518602028 0 0 0 0 0 0 0
rbc 0.00 0 0 0.0 140.1420518602029 17.54227733934611 199.88049605411496 0 0 0 0 0 0 0
rbc 0.00 0 0 0.0 158.67418263810598 44.69334836527621 209.1476888387824 0 0 0 0 0 0 0
rbc 0.00 0 0 0.0 228.6392333709132 19.65727170236753 252.9763246899662 0 0 0 0 0 0 0
rbc 0.00 0 0 38.63359639233371 201.61104847801576 92.06877113866966 254.5400225479143 0 0 0 0 0 0 0
rbc 0.00 0 0 67.70574971815107 224.7812852311161 107.22435174746334 256.0 0 0 0 0 0 0 0
rbc 0.00 0 0 121.64712514092446 243.3810597519729 185.43968432919957 256.0 0 0 0 0 0 0 0
rbc 0.00 0 0 209.33709131905297 209.6166854565953 256.0 256.0 0 0 0 0 0 0 0
rbc 0.00 0 0 190.6674182638106 190.41826381059752 233.6674182638106 248.9391206313416 0 0 0 0 0 0 0
rbc 0.00 0 0 230.2074408117249 124.66967305524238 256.0 185.3269447576099 0 0 0 0 0 0 0
rbc 0.00 0 0 182.25366403607663 115.83878241262684 228.032694475761 174.8714768883878 0 0 0 0 0 0 0
