wbc 0.00 0 0 80.75084554678692 78.16347237880495 130.5772266065389 168.33934611048477 0 0 0 0 0 0 0
rbc 0.00 0 0 0.0 0.0 17.75422773393461 30.306651634723785 0 0 0 0 0 0 0
rbc 0.00 0 0 17.438556933483653 0.0 73.5140924464487 32.54114994363021 0 0 0 0 0 0 0
rbc 0.00 0 0 77.10597519729424 0.0 141.95941375422774 42.54002254791432 0 0 0 0 0 0 0
rbc 0.00 0 0 147.80947012401353 0.0 204.30665163472375 29.210822998872604 0 0 0 0 0 0 0
rbc 0.00 0 0 206.58624577226607 2.498308906426156 256.0 49.41375422773393 0 0 0 0 0 0 0
rbc 0.00 0 0 161.86471251409245 36.04509582863585 223.55806087936867 96.80608793686584 0 0 0 0 0 0 0
rbc 0.00 0 0 225.86696730552424 55.410372040586246 256.0 118.3652762119504 0 0 0 0 0 0 0
rbc 0.00 0 0 187.0496054114994 97.17249154453212 250.62232243517477 162.04735062006762 0 0 0 0 0 0 0
rbc 0.00 0 0 0.0 28.616685456595263 44.25366403607666 79.6347237880496 0 0 0 0 0 0 0
rbc 0.00 0 0 36.10372040586245 28.80947012401353 104.60090191657272 95.16572717023676 0 0 0 0 0 0 0
rbc 0.00 0 0 0.0 89.68545659526494 16.22660653889515 148.6324689966178 0 0 0 0 0 0 0
rbc 0.00 0 0 18.02254791431793 72.27959413754228 74.37993235625704 125.4836527621195 0 0 0 0 0 0 0
rbc 0.00 0 0 26.310033821871475 95.57722660653889 79.48139797068771 157.206313416009 0 0 0 0 0 0 0
rbc 0.00 0 0 102.59301014656144 156.55918827508455 156.19616685456594 210.391206313416 0 0 0 0 0 0 0
rbc 0.00 0 0 164.6640360766629 156.3032694475761 223.81848928974068 214.83540022547916 0 0 0 0 0 0 0
rbc 0.00 0 0 0.0 202.8985343855693 49.97970687711386 255.3934611048478 0 0 0 0 0 0 0
rbc 0.00 0 0 29.52311161217587 195.0563697857948 84.79368658399098 247.61443066516347 0 0 0 0 0 0 0
rbc 0.00 0 0 79.3957158962796 204.31003382187143 132.19165727170235 254.7519729425028 0 0 0 0 0 0 0
rbc 0.00 0 0 124.3337091319053 210.73280721533257 183.1217587373168 254.1228861330327 0 0 0 0 0 0 0
rbc 0.00 0 0 170.29425028184892 196.45546786922208 226.94137542277335 254.749718151071 0 0 0 0 0 0 0
rbc 0.00 0 0 232.1871476888388 209.3348365276212 256.0 256.0 0 0 0 0 0 0 0
