wbc 0.00 0 0 97.07553551296505 9.974069898534385 192.82525366403607 93.9661781285231 0 0 0 0 0 0 0
rbc 0.00 0 0 0.0 23.935738444193912 31.400225479143177 87.79481397970687 0 0 0 0 0 0 0
rbc 0.00 0 0 34.59864712514092 26.77564825253664 76.99549041713641 81.55580608793687 0 0 0 0 0 0 0
rbc 0.00 0 0 66.35174746335963 19.101465614430666 103.7542277339346 76.74069898534385 0 0 0 0 0 0 0
rbc 0.00 0 0 226.64374295377675 0.0 256.0 37.02593010146561 0 0 0 0 0 0 0
rbc 0.00 0 0 194.18376550169108 29.888387824126266 246.1172491544532 87.84103720405862 0 0 0 0 0 0 0
rbc 0.00 0 0 224.97181510710257 67.96617812852311 256.0 135.71138669673053 0 0 0 0 0 0 0
rbc 0.00 0 0 41.136414881623445 81.75422773393461 101.1499436302142 135.99210822998873 0 0 0 0 0 0 0
rbc 0.00 0 0 0.0 142.3573844419391 40.08004509582863 200.64036076662907 0 0 0 0 0 0 0
rbc 0.00 0 0 21.210822998872604 131.20518602029313 82.14881623449831 185.86922209695604 0 0 0 0 0 0 0
rbc 0.00 0 0 90.67756482525364 125.62232243517474 145.67192784667418 177.60766629086808 0 0 0 0 0 0 0
rbc 0.00 0 0 187.38556933483653 131.09808342728297 242.8568207440812 187.5490417136415 0 0 0 0 0 0 0
rbc 0.00 0 0 144.84216459977452 165.68883878241263 201.07102593010143 224.62457722660653 0 0 0 0 0 0 0
rbc 0.00 0 0 149.47463359639232 228.85794813979703 202.54565952649375 256.0 0 0 0 0 0 0 0
rbc 0.00 0 0 104.97632468996618 200.28184892897409 152.61217587373167 248.1183765501691 0 0 0 0 0 0 0
rbc 0.00 0 0 49.27057497181511 219.0901916572717 106.6651634723788 256.0 0 0 0 0 0 0 0
rbc 0.00 0 0 0.0 210.67192784667415 46.912063134160086 256.0 0 0 0 0 0 0 0
rbc 0.00 0 0 98.29875986471252 241.31792559188276 142.21871476888387 255.0811724915445 0 0 0 0 0 0 0
