wbc 0.00 0 0 104.82863585118376 144.28072153325817 201.59188275084557 248.1758737316798 0 0 0 0 0 0 0
rbc 0.00 0 0 0.0 0.0 48.687711386696726 55.57158962795941 0 0 0 0 0 0 0
rbc 0.00 0 0 46.53100338218714 18.498308906426157 104.82750845546786 74.06651634723788 0 0 0 0 0 0 0
rbc 0.00 0 0 59.095828635851184 0.0 109.2040586245772 14.773393461104847 0 0 0 0 0 0 0
rbc 0.00 0 0 123.79481397970687 0.0 177.99210822998873 33.42164599774521 0 0 0 0 0 0 0
rbc 0.00 0 0 202.84441939120632 0.0 256.0 24.922209695603154 0 0 0 0 0 0 0
rbc 0.00 0 0 170.815107102593 8.96054114994363 241.00112739571588 65.22096956031567 0 0 0 0 0 0 0
rbc 0.00 0 0 76.43742953776776 66.1803833145434 131.6967305524239 119.15896279594136 0 0 0 0 0 0 0
rbc 0.00 0 0 148.27733934611047 61.35062006764374 194.5986471251409 114.69785794813978 0 0 0 0 0 0 0
rbc 0.00 0 0 190.7880496054115 57.93686583990981 248.48590755355127 126.52649379932356 0 0 0 0 0 0 0
rbc 0.00 0 0 246.6009019165727 74.53776775648252 255.85794813979703 115.01352874859074 0 0 0 0 0 0 0
rbc 0.00 0 0 101.10033821871475 102.53213077790303 177.49943630214204 161.28861330326944 0 0 0 0 0 0 0
rbc 0.00 0 0 52.301014656144304 150.58962795941375 106.43179255918828 202.51521984216456 0 0 0 0 0 0 0
rbc 0.00 0 0 0.0 163.46786922209694 48.29875986471252 212.5569334836528 0 0 0 0 0 0 0
rbc 0.00 0 0 0.0 213.0608793686584 39.89740698985344 253.88838782412623 0 0 0 0 0 0 0
rbc 0.00 0 0 43.32468996617813 203.5693348365276 112.2976324689966 246.3348365276212 0 0 0 0 0 0 0
rbc 0.00 0 0 149.80383314543403 234.5749718151071 209.412626832018 256.0 0 0 0 0 0 0 0
rbc 0.00 0 0 190.8771138669673 169.6583990980834 242.16798196166852 236.5997745208568 0 0 0 0 0 0 0
rbc 0.00 0 0 202.43179255918827 117.82525366403608 255.86133032694477 168.97857948139796 0 0 0 0 0 0 0
rbc 0.00 0 0 0.0 47.53325817361894 9.93348365276212 91.99436302142053 0 0 0 0 0 0 0
