rbc 0.00 0 0 145.27304550758458 4.542590431738622 201.2858809801633 63.169194865810965 0 0 0 0 0 0 0
rbc 0.00 0 0 37.71295215869311 0.0 86.57759626604434 37.97199533255542 0 0 0 0 0 0 0
rbc 0.00 0 0 67.54025670945157 3.1470245040840137 131.0 55.21353558926487 0 0 0 0 0 0 0
rbc 0.00 0 0 1.1108518086347725 37.576429404900814 41.90898483080513 99.22520420070012 0 0 0 0 0 0 0
rbc 0.00 0 0 202.68961493582265 0.0 255.22170361726955 38.351225204200695 0 0 0 0 0 0 0
rbc 0.00 0 0 189.40840140023332 48.21353558926487 256.0 108.19369894982496 0 0 0 0 0 0 0
rbc 0.00 0 0 181.67561260210036 96.19486581096848 237.4340723453909 152.0536756126021 0 0 0 0 0 0 0
rbc 0.00 0 0 140.9708284714119 90.89148191365229 183.80630105017505 156.3908984830805 0 0 0 0 0 0 0
rbc 0.00 0 0 215.2392065344224 136.27421236872812 256.0 206.60443407234536 0 0 0 0 0 0 0
rbc 0.00 0 0 161.14935822637105 150.71178529754957 214.2497082847141 221.2742123687281 0 0 0 0 0 0 0
rbc 0.00 0 0 116.4200700116686 148.96382730455073 171.0501750291715 215.5519253208868 0 0 0 0 0 0 0
rbc 0.00 0 0 0.0 165.95915985997664 56.126021003500576 229.06884480746788 0 0 0 0 0 0 0
rbc 0.00 0 0 0.0 215.48191365227532 38.00583430571761 254.68261376896143 0 0 0 0 0 0 0
rbc 0.00 0 0 58.85064177362894 182.4294049008168 118.10035005834304 228.34072345390896 0 0 0 0 0 0 0
rbc 0.00 0 0 70.06884480746791 221.47607934655773 130.28588098016337 256.0 0 0 0 0 0 0 0
rbc 0.00 0 0 145.24504084014 241.88564760793463 187.99299883313884 256.0 0 0 0 0 0 0 0
rbc 0.00 0 0 178.96266044340723 213.0105017502917 231.5705950991832 256.0 0 0 0 0 0 0 0
rbc 0.00 0 0 223.14935822637105 226.32438739789964 255.45624270711784 256.0 0 0 0 0 0 0 0
wbc 0.00 0 0 29.481913652275377 71.84247374562426 138.94982497082844 184.2823803967328 0 0 0 0 0 0 0
