rbc 0.00 0 0 14.575262543757292 0.9439906651108516 69.38506417736289 53.35705950991832 0 0 0 0 0 0 0
rbc 0.00 0 0 0.0 17.651108518086346 35.704784130688445 72.7024504084014 0 0 0 0 0 0 0
rbc 0.00 0 0 69.60093348891482 8.450408401400233 126.64644107351224 54.767794632438736 0 0 0 0 0 0 0
rbc 0.00 0 0 90.35005834305716 24.47374562427071 141.27187864644105 64.14352392065344 0 0 0 0 0 0 0
rbc 0.00 0 0 161.80163360560093 0.0 224.2158693115519 35.189031505250874 0 0 0 0 0 0 0
rbc 0.00 0 0 192.8926487747958 11.887981330221702 251.5997666277713 62.45274212368727 0 0 0 0 0 0 0
rbc 0.00 0 0 7.305717619603267 59.29521586931155 57.67094515752625 113.47607934655775 0 0 0 0 0 0 0
rbc 0.00 0 0 47.16569428238039 106.81680280046672 101.12952158693116 155.45390898483078 0 0 0 0 0 0 0
rbc 0.00 0 0 0.1633605600933488 129.19136522753791 49.716452742123685 189.8891481913652 0 0 0 0 0 0 0
rbc 0.00 0 0 22.83780630105017 148.0746791131855 60.62660443407234 198.0431738623104 0 0 0 0 0 0 0
rbc 0.00 0 0 0.0 192.36989498249707 35.71995332555425 253.41306884480747 0 0 0 0 0 0 0
rbc 0.00 0 0 80.17852975495916 184.14819136522752 138.56476079346555 242.02917152858808 0 0 0 0 0 0 0
rbc 0.00 0 0 81.9416569428238 224.4889148191365 143.0198366394399 256.0 0 0 0 0 0 0 0
rbc 0.00 0 0 188.67677946324383 180.89148191365223 239.81330221703612 233.7176196032672 0 0 0 0 0 0 0
rbc 0.00 0 0 38.17619603267211 217.74562427071177 80.43990665110852 255.86814469078175 0 0 0 0 0 0 0
rbc 0.00 0 0 235.77479579929985 203.3722287047841 256.0 252.95915985997664 0 0 0 0 0 0 0
rbc 0.00 0 0 201.7724620770128 97.7619603267211 236.8821470245041 147.90548424737452 0 0 0 0 0 0 0
rbc 0.00 0 0 235.3500583430572 50.20303383897316 255.84247374562423 124.59626604434072 0 0 0 0 0 0 0
rbc 0.00 0 0 223.11201866977828 0.0 255.33955659276543 44.31971995332555 0 0 0 0 0 0 0
rbc 0.00 0 0 235.7526254375729 130.3628938156359 255.27304550758456 182.03267211201864 0 0 0 0 0 0 0
wbc 0.00 0 0 90.98366394399066 108.97899649941655 198.04550758459743 212.9813302217036 0 0 0 0 0 0 0
