rbc 0.00 0 0 4.700116686114352 14.957992998833138 69.19253208868145 69.43873978996498 0 0 0 0 0 0 0
rbc 0.00 0 0 24.71178529754959 0.0 85.30221703617269 14.89964994165694 0 0 0 0 0 0 0
rbc 0.00 0 0 118.5274212368728 0.0 166.84130688448073 30.796966161026837 0 0 0 0 0 0 0
rbc 0.00 0 0 161.3022170361727 0.0 218.74095682613768 33.135355892648775 0 0 0 0 0 0 0
rbc 0.00 0 0 179.80746791131853 12.183197199533254 252.2893815635939 69.33605600933488 0 0 0 0 0 0 0
rbc 0.00 0 0 161.12835472578763 53.722287047841306 222.14935822637105 106.72578763127188 0 0 0 0 0 0 0
rbc 0.00 0 0 0.0 70.38273045507584 52.0198366394399 120.7421236872812 0 0 0 0 0 0 0
rbc 0.00 0 0 48.827304550758456 92.76546091015167 109.87981330221704 141.82730455075844 0 0 0 0 0 0 0
rbc 0.00 0 0 0.4305717619603267 126.06067677946324 62.19719953325554 183.85764294049005 0 0 0 0 0 0 0
rbc 0.00 0 0 2.509918319719953 198.08518086347723 55.900816802800456 251.96266044340723 0 0 0 0 0 0 0
rbc 0.00 0 0 63.19836639439906 195.6686114352392 117.90315052508753 246.70478413068844 0 0 0 0 0 0 0
rbc 0.00 0 0 201.0151691948658 89.25554259043173 253.36872812135357 153.8879813302217 0 0 0 0 0 0 0
rbc 0.00 0 0 243.3383897316219 162.3862310385064 256.0 206.32555425904317 0 0 0 0 0 0 0
rbc 0.00 0 0 101.53558926487749 236.46557759626603 150.30921820303382 256.0 0 0 0 0 0 0 0
rbc 0.00 0 0 128.43290548424736 205.2823803967328 186.94399066511085 256.0 0 0 0 0 0 0 0
rbc 0.00 0 0 167.65227537922985 208.93582263710616 216.9381563593932 256.0 0 0 0 0 0 0 0
rbc 0.00 0 0 222.6382730455076 206.6254375729288 256.0 254.39906651108515 0 0 0 0 0 0 0
wbc 0.00 0 0 222.6382730455076 206.6254375729288 256.0 254.39906651108515 0 0 0 0 0 0 0
wbc 0.00 0 0 61.95215869311552 98.90315052508753 215.4970828471412 203.73045507584595 0 0 0 0 0 0 0
