wbc 0.00 0 0 118.96392333709132 101.6054114994363 181.9661781285231 164.59413754227734 0 0 0 0 0 0 0
rbc 0.00 0 0 1.4002254791431792 0.0 61.634723788049605 23.25140924464487 0 0 0 0 0 0 0
rbc 0.00 0 0 52.0608793686584 0.3325817361894024 109.40135287485909 53.31567080045096 0 0 0 0 0 0 0
rbc 0.00 0 0 132.1420518602029 0.0 186.52311161217585 20.313416009019164 0 0 0 0 0 0 0
rbc 0.00 0 0 206.79819616685452 0.0 255.42728297632468 21.65501691093574 0 0 0 0 0 0 0
rbc 0.00 0 0 21.604284103720406 22.34160090191657 83.16234498308906 75.50845546786923 0 0 0 0 0 0 0
rbc 0.00 0 0 100.97857948139796 28.0608793686584 148.0383314543405 78.21645997745208 0 0 0 0 0 0 0
rbc 0.00 0 0 148.9966178128523 36.49605411499436 193.8996617812852 89.79819616685455 0 0 0 0 0 0 0
rbc 0.00 0 0 163.2367531003382 25.88162344983089 221.6020293122886 83.9695603156708 0 0 0 0 0 0 0
rbc 0.00 0 0 239.36302142051855 31.1815107102593 256.0 74.6944757609921 0 0 0 0 0 0 0
rbc 0.00 0 0 241.78015783540025 62.48027057497181 256.0 106.28748590755356 0 0 0 0 0 0 0
rbc 0.00 0 0 23.99661781285231 51.0901916572717 82.6054114994363 108.24689966178128 0 0 0 0 0 0 0
rbc 0.00 0 0 0.0 77.29199549041714 32.61104847801578 134.7012401352875 0 0 0 0 0 0 0
rbc 0.00 0 0 78.97857948139797 88.2096956031567 118.07666290868094 156.3934611048478 0 0 0 0 0 0 0
rbc 0.00 0 0 176.67756482525365 86.36414881623449 231.9695603156708 130.6583990980834 0 0 0 0 0 0 0
rbc 0.00 0 0 184.88162344983087 111.66065388951522 240.95828635851183 163.89853438556932 0 0 0 0 0 0 0
rbc 0.00 0 0 179.8105975197294 142.3269447576099 235.4735062006764 193.3348365276212 0 0 0 0 0 0 0
rbc 0.00 0 0 241.8782412626832 128.73844419391204 255.0631341600902 176.0496054114994 0 0 0 0 0 0 0
rbc 0.00 0 0 235.92671927846672 156.543404735062 256.0 201.85456595264935 0 0 0 0 0 0 0
rbc 0.00 0 0 0.0 131.1770011273957 41.45885005636978 194.92671927846672 0 0 0 0 0 0 0
rbc 0.00 0 0 42.63021420518602 115.73618940248026 93.31454340473506 176.13303269447576 0 0 0 0 0 0 0
rbc 0.00 0 0 43.27621195039459 147.9098083427283 99.24689966178128 193.5467869222097 0 0 0 0 0 0 0
rbc 0.00 0 0 89.8196166854566 156.36865839909808 144.48027057497185 204.32807215332585 0 0 0 0 0 0 0
rbc 0.00 0 0 0.0 195.2096956031567 23.492671927846672 250.1770011273957 0 0 0 0 0 0 0
rbc 0.00 0 0 25.083427282976324 193.64825253664037 75.46786922209695 243.6583990980834 0 0 0 0 0 0 0
rbc 0.00 0 0 64.86696730552424 203.34611048478016 123.25479143179255 249.17700112739573 0 0 0 0 0 0 0
rbc 0.00 0 0 106.59413754227734 188.70236753100335 166.8241262683202 244.13866967305523 0 0 0 0 0 0 0
rbc 0.00 0 0 146.97519729425028 184.46335963923335 198.74069898534384 242.96392333709133 0 0 0 0 0 0 0
rbc 0.00 0 0 227.7655016910936 207.71025930101464 256.0 248.054114994363 0 0 0 0 0 0 0
rbc 0.00 0 0 201.83201803833143 211.93010146561443 251.73618940248028 256.0 0 0 0 0 0 0 0
rbc 0.00 0 0 81.18827508455468 231.88387824126264 130.85569334836526 254.391206313416 0 0 0 0 0 0 0
rbc 0.00 0 0 35.90304396843292 244.55580608793684 79.86358511837655 255.0665163472379 0 0 0 0 0 0 0
rbc 0.00 0 0 176.89627959413752 244.3607666290868 215.3021420518602 255.74182638105972 0 0 0 0 0 0 0
