wbc 0.00 0 0 96.48139797068772 97.8771138669673 161.0879368658399 176.82976324689966 0 0 0 0 0 0 0
rbc 0.00 0 0 0.0 0.0 35.83427282976324 23.593010146561443 0 0 0 0 0 0 0
rbc 0.00 0 0 13.426155580608793 0.0 52.39571589627959 31.343855693348363 0 0 0 0 0 0 0
rbc 0.00 0 0 85.18376550169108 10.995490417136416 144.34949267192783 70.12739571589627 0 0 0 0 0 0 0
rbc 0.00 0 0 143.4193912063134 2.441939120631341 191.9481397970688 55.19842164599774 0 0 0 0 0 0 0
rbc 0.00 0 0 100.89402480270574 0.4791431792559188 143.67418263810598 11.13303269447576 0 0 0 0 0 0 0
rbc 0.00 0 0 205.04509582863585 0.0 255.28523111612176 23.1803833145434 0 0 0 0 0 0 0
rbc 0.00 0 0 198.66178128523111 12.334836527621194 253.24464487034948 57.56708004509582 0 0 0 0 0 0 0
rbc 0.00 0 0 179.66967305524238 29.028184892897407 238.9030439684329 71.4836527621195 0 0 0 0 0 0 0
rbc 0.00 0 0 0.0 24.6358511837655 13.904171364148816 62.3021420518602 0 0 0 0 0 0 0
rbc 0.00 0 0 0.0 66.695603156708 12.117249154453212 110.40698985343856 0 0 0 0 0 0 0
rbc 0.00 0 0 12.295377677564824 39.136414881623445 66.61443066516347 95.64148816234498 0 0 0 0 0 0 0
rbc 0.00 0 0 51.48139797068771 71.07779030439684 105.3618940248027 126.6967305524239 0 0 0 0 0 0 0
rbc 0.00 0 0 95.62683201803831 38.444193912063135 148.15670800450957 91.76775648252536 0 0 0 0 0 0 0
rbc 0.00 0 0 176.0022547914318 65.65727170236752 233.52987598647127 120.13416009019164 0 0 0 0 0 0 0
rbc 0.00 0 0 235.95603156708003 73.4193912063134 256.0 137.1476888387824 0 0 0 0 0 0 0
rbc 0.00 0 0 3.4813979706877114 96.04284103720406 56.09582863585118 157.15445321307777 0 0 0 0 0 0 0
rbc 0.00 0 0 35.69334836527621 127.01691093573844 95.50507328072152 175.47237880496053 0 0 0 0 0 0 0
rbc 0.00 0 0 0.0 166.58511837655016 29.05862457722661 221.31567080045096 0 0 0 0 0 0 0
rbc 0.00 0 0 35.38895152198422 164.94701240135288 94.0586245772266 212.93235625704625 0 0 0 0 0 0 0
rbc 0.00 0 0 6.869222096956031 202.8782412626832 59.02142051860203 251.40924464487037 0 0 0 0 0 0 0
rbc 0.00 0 0 0.3190529875986471 243.1747463359639 25.071025930101463 256.0 0 0 0 0 0 0 0
rbc 0.00 0 0 126.74182638105977 142.85118376550167 188.76775648252536 202.06426155580607 0 0 0 0 0 0 0
rbc 0.00 0 0 186.20180383314545 134.58962795941375 236.16572717023672 189.3923337091319 0 0 0 0 0 0 0
rbc 0.00 0 0 212.81172491544527 143.75197294250282 255.47463359639232 204.5727170236753 0 0 0 0 0 0 0
rbc 0.00 0 0 193.6200676437429 192.00112739571588 250.78466741826375 240.85118376550167 0 0 0 0 0 0 0
rbc 0.00 0 0 226.04735062006765 207.76888387824124 256.0 255.24013528748588 0 0 0 0 0 0 0
rbc 0.00 0 0 115.847801578354 189.82750845546784 170.9064261555806 242.086809470124 0 0 0 0 0 0 0
rbc 0.00 0 0 137.97970687711387 202.6640360766629 189.0665163472379 254.4825253664036 0 0 0 0 0 0 0
rbc 0.00 0 0 59.373167981961664 214.3630214205186 116.8500563697858 255.05186020293124 0 0 0 0 0 0 0
