wbc 0.00 0 0 58.43404735062006 58.175873731679815 143.34498308906427 141.97294250281848 0 0 0 0 0 0 0
rbc 0.00 0 0 0.0 0.0 33.273957158962794 17.853438556933483 0 0 0 0 0 0 0
rbc 0.00 0 0 0.0 28.05749718151071 33.989853438556935 83.09695603156707 0 0 0 0 0 0 0
rbc 0.00 0 0 4.338218714768884 15.291995490417136 63.94813979706877 68.25591882750845 0 0 0 0 0 0 0
rbc 0.00 0 0 53.11386696730552 15.638105975197291 109.206313416009 64.01127395715896 0 0 0 0 0 0 0
rbc 0.00 0 0 110.17474633596392 2.8658399098083427 160.7271702367531 51.53100338218714 0 0 0 0 0 0 0
rbc 0.00 0 0 129.0879368658399 25.21871476888388 172.5749718151071 70.34498308906426 0 0 0 0 0 0 0
rbc 0.00 0 0 143.67192784667418 0.0 191.52423900789177 20.517474633596397 0 0 0 0 0 0 0
rbc 0.00 0 0 189.7576099210823 0.4295377677564825 243.85343855693347 45.66065388951522 0 0 0 0 0 0 0
rbc 0.00 0 0 240.1758737316798 3.06651634723788 256.0 50.378804960541146 0 0 0 0 0 0 0
rbc 0.00 0 0 180.1465614430665 22.61781285231116 236.7294250281849 71.04171364148816 0 0 0 0 0 0 0
rbc 0.00 0 0 213.42277339346109 68.28410372040585 256.0 118.51860202931228 0 0 0 0 0 0 0
rbc 0.00 0 0 183.9481397970688 61.35400225479143 240.95377677564824 120.08229988726043 0 0 0 0 0 0 0
rbc 0.00 0 0 200.4205186020293 126.62908680947012 251.7790304396843 185.152198421646 0 0 0 0 0 0 0
rbc 0.00 0 0 147.90078917700112 109.6031567080045 201.33258173618935 154.70349492671926 0 0 0 0 0 0 0
rbc 0.00 0 0 142.16572717023675 136.6324689966178 195.0045095828636 185.978579481398 0 0 0 0 0 0 0
rbc 0.00 0 0 0.0 100.4825253664036 9.213077790304396 138.58962795941375 0 0 0 0 0 0 0
rbc 0.00 0 0 10.794813979706875 119.23449830890642 62.26606538895152 163.4881623449831 0 0 0 0 0 0 0
rbc 0.00 0 0 12.88500563697858 107.98196166854564 56.16685456595265 138.30552423900787 0 0 0 0 0 0 0
rbc 0.00 0 0 0.0 163.28184892897406 36.27846674182638 215.40586245772263 0 0 0 0 0 0 0
rbc 0.00 0 0 20.779030439684327 163.77339346110483 75.1206313416009 209.92671927846672 0 0 0 0 0 0 0
rbc 0.00 0 0 80.29199549041714 144.35062006764375 137.59751972942502 194.2773393461105 0 0 0 0 0 0 0
rbc 0.00 0 0 93.3032694475761 168.6922209695603 146.67192784667418 211.5163472378805 0 0 0 0 0 0 0
rbc 0.00 0 0 168.91093573844418 185.65163472378805 227.86245772266065 225.10710259301013 0 0 0 0 0 0 0
rbc 0.00 0 0 229.7508455467869 197.97181510710257 256.0 240.5636978579481 0 0 0 0 0 0 0
rbc 0.00 0 0 198.75873731679815 226.49718151071025 254.684329199549 256.0 0 0 0 0 0 0 0
rbc 0.00 0 0 131.91770011273957 240.68545659526487 187.9334836527621 256.0 0 0 0 0 0 0 0
rbc 0.00 0 0 37.09695603156708 189.6166854565953 92.5456595264938 243.36753100338217 0 0 0 0 0 0 0
rbc 0.00 0 0 0.0 215.51521984216456 34.01465614430665 254.7767756482525 0 0 0 0 0 0 0
rbc 0.00 0 0 33.33709131905299 245.6944757609921 75.65050732807215 256.0 0 0 0 0 0 0 0
