wbc 0.00 0 0 72.64036076662909 32.85569334836527 169.29312288613303 126.49718151071023 0 0 0 0 0 0 0
rbc 0.00 0 0 12.9086809470124 0.0 68.68996617812853 42.65163472378805 0 0 0 0 0 0 0
rbc 0.00 0 0 27.60766629086809 12.254791431792558 77.03720405862457 70.75873731679819 0 0 0 0 0 0 0
rbc 0.00 0 0 12.555806087936864 43.16685456595265 70.59751972942502 103.87260428410372 0 0 0 0 0 0 0
rbc 0.00 0 0 0.0 69.7260428410372 9.937993235625704 116.31454340473503 0 0 0 0 0 0 0
rbc 0.00 0 0 32.271702367531 129.37993235625703 82.3314543404735 189.94926719278465 0 0 0 0 0 0 0
rbc 0.00 0 0 0.0 157.13754227733935 30.844419391206312 210.21984216459975 0 0 0 0 0 0 0
rbc 0.00 0 0 0.0 173.31003382187146 39.997745208568205 222.1104847801578 0 0 0 0 0 0 0
rbc 0.00 0 0 18.788049605411494 232.0259301014656 77.17361894024802 256.0 0 0 0 0 0 0 0
rbc 0.00 0 0 25.143179255918827 209.29312288613303 75.79368658399098 250.5118376550169 0 0 0 0 0 0 0
rbc 0.00 0 0 193.9120631341601 0.0 256.0 34.28748590755355 0 0 0 0 0 0 0
rbc 0.00 0 0 145.97294250281848 0.0 200.4475760992108 51.6640360766629 0 0 0 0 0 0 0
rbc 0.00 0 0 193.7959413754228 67.12401352874859 248.51860202931223 115.90078917700112 0 0 0 0 0 0 0
rbc 0.00 0 0 168.9932356257046 58.19278466741826 227.34047350620068 117.83878241262684 0 0 0 0 0 0 0
rbc 0.00 0 0 78.13303269447576 195.71927846674183 128.9684329199549 256.0 0 0 0 0 0 0 0
rbc 0.00 0 0 103.01240135287486 206.1758737316798 154.1183765501691 256.0 0 0 0 0 0 0 0
rbc 0.00 0 0 209.9379932356257 204.5715896279594 250.09244644870347 255.98759864712517 0 0 0 0 0 0 0
rbc 0.00 0 0 168.62908680947012 199.10710259301013 231.82525366403607 252.1285231116121 0 0 0 0 0 0 0
rbc 0.00 0 0 192.77452085682077 155.79932356257046 245.5997745208568 199.58511837655016 0 0 0 0 0 0 0
rbc 0.00 0 0 164.91770011273957 144.08455467869223 219.24464487034948 194.74408117249155 0 0 0 0 0 0 0
rbc 0.00 0 0 132.80834272829762 127.3607666290868 189.31567080045093 186.10935738444192 0 0 0 0 0 0 0
rbc 0.00 0 0 191.50845546786925 122.1488162344983 245.8432919954904 174.53664036076665 0 0 0 0 0 0 0
