wbc 0.00 0 0 56.96054114994363 85.78015783540022 146.67531003382186 176.0800450958286 0 0 0 0 0 0 0
rbc 0.00 0 0 27.33821871476888 0.0 80.97970687711386 15.125140924464487 0 0 0 0 0 0 0
rbc 0.00 0 0 14.428410372040586 2.5501691093573844 66.24464487034949 52.93686583990981 0 0 0 0 0 0 0
rbc 0.00 0 0 23.79706877113867 21.78128523111612 82.11048478015783 78.3021420518602 0 0 0 0 0 0 0
rbc 0.00 0 0 23.580608793686583 57.96166854565952 75.89289740698985 122.56708004509582 0 0 0 0 0 0 0
rbc 0.00 0 0 12.310033821871476 111.2130777903044 55.86358511837655 168.3551296505073 0 0 0 0 0 0 0
rbc 0.00 0 0 0.8974069898534385 74.78354002254791 22.11837655016911 125.16798196166854 0 0 0 0 0 0 0
rbc 0.00 0 0 0.0 168.03382187147687 17.019165727170236 225.3562570462232 0 0 0 0 0 0 0
rbc 0.00 0 0 18.259301014656145 186.6031567080045 70.6054114994363 239.79481397970687 0 0 0 0 0 0 0
rbc 0.00 0 0 86.1803833145434 177.95603156708003 136.2750845546787 221.71138669673053 0 0 0 0 0 0 0
rbc 0.00 0 0 124.7271702367531 211.93010146561443 181.6899661781285 255.68771138669672 0 0 0 0 0 0 0
rbc 0.00 0 0 140.80157835400226 174.6662908680947 199.7632468996618 216.630214205186 0 0 0 0 0 0 0
rbc 0.00 0 0 180.13641488162344 192.47350620067644 225.7508455467869 237.50845546786925 0 0 0 0 0 0 0
rbc 0.00 0 0 212.82750845546784 224.3134160090192 254.8568207440812 256.0 0 0 0 0 0 0 0
rbc 0.00 0 0 223.67869222096957 139.54114994363022 256.0 198.739571589628 0 0 0 0 0 0 0
rbc 0.00 0 0 210.695603156708 123.65388951521984 256.0 175.58511837655016 0 0 0 0 0 0 0
rbc 0.00 0 0 138.5704622322435 58.82412626832018 196.28410372040585 108.74520856820745 0 0 0 0 0 0 0
rbc 0.00 0 0 102.8771138669673 19.449830890642616 152.86020293122886 72.5129650507328 0 0 0 0 0 0 0
rbc 0.00 0 0 156.63810597519728 16.658399098083425 209.98308906426155 71.09582863585118 0 0 0 0 0 0 0
rbc 0.00 0 0 113.65614430665164 0.1465614430665163 168.31341600901916 18.258173618940248 0 0 0 0 0 0 0
rbc 0.00 0 0 178.36640360766629 0.3923337091319053 232.89627959413752 19.771138669673054 0 0 0 0 0 0 0
rbc 0.00 0 0 212.0496054114994 5.493799323562571 256.0 58.476888387824125 0 0 0 0 0 0 0
