wbc 0.00 0 0 113.6324689966178 75.72942502818489 211.24802705749715 166.9041713641488 0 0 0 0 0 0 0
rbc 0.00 0 0 0.0 0.0 52.43517474633596 29.92671927846674 0 0 0 0 0 0 0
rbc 0.00 0 0 26.03945885005637 0.0 80.06651634723788 12.30890642615558 0 0 0 0 0 0 0
rbc 0.00 0 0 30.137542277339342 0.0947012401352874 79.97745208568207 43.75986471251409 0 0 0 0 0 0 0
rbc 0.00 0 0 0.0 25.14430665163472 22.44193912063134 85.33821871476889 0 0 0 0 0 0 0
rbc 0.00 0 0 0.0 35.04171364148816 44.20180383314543 92.01014656144308 0 0 0 0 0 0 0
rbc 0.00 0 0 20.498308906426157 46.152198421646 65.97068771138669 98.55918827508457 0 0 0 0 0 0 0
rbc 0.00 0 0 107.3934611048478 0.0 158.17249154453214 13.961668545659526 0 0 0 0 0 0 0
rbc 0.00 0 0 73.695603156708 3.4024802705749715 124.543404735062 61.40135287485907 0 0 0 0 0 0 0
rbc 0.00 0 0 97.79932356257046 15.117249154453212 143.83765501691093 67.88838782412626 0 0 0 0 0 0 0
rbc 0.00 0 0 105.87260428410372 31.886133032694477 157.55693348365276 82.04622322435173 0 0 0 0 0 0 0
rbc 0.00 0 0 0.0 97.1183765501691 30.71476888387824 169.1454340473506 0 0 0 0 0 0 0
rbc 0.00 0 0 71.3291995490417 68.60090191657271 118.91882750845544 116.67643742953776 0 0 0 0 0 0 0
rbc 0.00 0 0 54.792559188275085 74.43855693348365 104.75197294250282 129.92897406989852 0 0 0 0 0 0 0
rbc 0.00 0 0 203.58850056369783 0.0 256.0 42.19278466741826 0 0 0 0 0 0 0
rbc 0.00 0 0 174.4859075535513 0.1476888387824126 233.67756482525368 52.32243517474634 0 0 0 0 0 0 0
rbc 0.00 0 0 160.11724915445322 26.786922209695604 213.7531003382187 73.86583990980834 0 0 0 0 0 0 0
rbc 0.00 0 0 209.28635851183765 64.06989853438557 254.8421645997745 112.01014656144308 0 0 0 0 0 0 0
rbc 0.00 0 0 221.9605411499436 142.58737316798195 256.0 185.46223224351743 0 0 0 0 0 0 0
rbc 0.00 0 0 236.7485907553551 170.3934611048478 256.0 223.4656144306652 0 0 0 0 0 0 0
rbc 0.00 0 0 203.5738444193912 239.1183765501691 256.0 256.0 0 0 0 0 0 0 0
rbc 0.00 0 0 180.97181510710257 183.5727170236753 234.2333709131905 234.69898534385567 0 0 0 0 0 0 0
rbc 0.00 0 0 70.14317925591882 126.91544532130776 108.46223224351746 179.4802705749718 0 0 0 0 0 0 0
rbc 0.00 0 0 28.604284103720406 142.2750845546787 89.58286358511837 192.53325817361892 0 0 0 0 0 0 0
rbc 0.00 0 0 85.01465614430664 151.65952649379932 131.83990980834272 201.68771138669672 0 0 0 0 0 0 0
rbc 0.00 0 0 0.0 200.04058624577223 19.06313416009019 244.2874859075536 0 0 0 0 0 0 0
rbc 0.00 0 0 0.0 193.22096956031567 42.85569334836527 247.4813979706877 0 0 0 0 0 0 0
rbc 0.00 0 0 37.524239007891765 174.37204058624576 88.41713641488161 220.36753100338217 0 0 0 0 0 0 0
rbc 0.00 0 0 48.58060879368658 194.25028184892895 100.9041713641488 244.26268320180384 0 0 0 0 0 0 0
rbc 0.00 0 0 123.32130777903043 184.5749718151071 181.16347237880493 229.68432919954904 0 0 0 0 0 0 0
rbc 0.00 0 0 106.87485907553553 209.7857948139797 159.5208568207441 253.52649379932356 0 0 0 0 0 0 0
rbc 0.00 0 0 57.68432919954904 246.0822998872604 111.01127395715896 256.0 0 0 0 0 0 0 0
