wbc 0.00 0 0 83.80834272829763 148.53100338218715 176.73280721533257 245.1476888387824 0 0 0 0 0 0 0
rbc 0.00 0 0 0.0 0.0 30.272829763246897 33.720405862457724 0 0 0 0 0 0 0
rbc 0.00 0 0 85.13641488162345 0.0 138.86809470124012 29.96054114994363 0 0 0 0 0 0 0
rbc 0.00 0 0 101.62232243517474 3.965050732807215 157.41149943630214 57.58737316798196 0 0 0 0 0 0 0
rbc 0.00 0 0 120.26268320180382 15.89064261555806 176.43855693348365 69.75310033821872 0 0 0 0 0 0 0
rbc 0.00 0 0 162.09695603156706 0.0 217.3855693348365 27.26606538895152 0 0 0 0 0 0 0
rbc 0.00 0 0 215.44193912063133 0.0 255.22547914317929 26.52085682074408 0 0 0 0 0 0 0
rbc 0.00 0 0 184.0597519729425 12.329199549041713 238.0067643742954 63.820744081172485 0 0 0 0 0 0 0
rbc 0.00 0 0 198.21195039458848 56.99661781285231 244.40360766629084 108.44419391206311 0 0 0 0 0 0 0
rbc 0.00 0 0 151.23788049605412 53.9988726042841 208.36640360766629 106.032694475761 0 0 0 0 0 0 0
rbc 0.00 0 0 0.0 67.55355129650508 34.04509582863585 121.16910935738444 0 0 0 0 0 0 0
rbc 0.00 0 0 0.0 81.16234498308906 51.339346110484776 130.72604284103718 0 0 0 0 0 0 0
rbc 0.00 0 0 37.32468996617813 74.27057497181511 81.59413754227734 122.43291995490418 0 0 0 0 0 0 0
rbc 0.00 0 0 85.55467869222096 68.45208568207441 137.44306651634724 117.38444193912063 0 0 0 0 0 0 0
rbc 0.00 0 0 0.0 140.70236753100338 48.69222096956031 192.18940248027056 0 0 0 0 0 0 0
rbc 0.00 0 0 51.301014656144304 111.60879368658398 101.24464487034948 155.23111612175873 0 0 0 0 0 0 0
rbc 0.00 0 0 51.55918827508455 125.27733934611048 101.16347237880495 183.8737316798196 0 0 0 0 0 0 0
rbc 0.00 0 0 122.01014656144308 116.11386696730553 178.70574971815108 166.53664036076665 0 0 0 0 0 0 0
rbc 0.00 0 0 153.1420518602029 96.38218714768884 206.18038331454335 147.5783540022548 0 0 0 0 0 0 0
rbc 0.00 0 0 214.34160090191656 98.271702367531 256.0 152.7564825253664 0 0 0 0 0 0 0
rbc 0.00 0 0 211.97970687711387 157.8782412626832 256.0 208.58173618940248 0 0 0 0 0 0 0
rbc 0.00 0 0 218.00112739571588 184.82750845546784 256.0 232.76324689966177 0 0 0 0 0 0 0
rbc 0.00 0 0 10.979706877113866 179.25817361894025 76.576099210823 235.065388951522 0 0 0 0 0 0 0
rbc 0.00 0 0 10.78128523111612 237.2953776775648 69.64937993235625 256.0 0 0 0 0 0 0 0
rbc 0.00 0 0 226.6347237880496 203.9909808342728 256.0 252.42841037204056 0 0 0 0 0 0 0
rbc 0.00 0 0 248.7519729425028 61.99436302142052 256.0 91.44419391206311 0 0 0 0 0 0 0
rbc 0.00 0 0 39.89853438556933 0.0 80.94250281848929 14.001127395715896 0 0 0 0 0 0 0
