wbc 0.00 0 0 95.8500563697858 69.1499436302142 184.5727170236753 160.27621195039455 0 0 0 0 0 0 0
rbc 0.00 0 0 0.0 0.0 25.36865839909808 39.55467869222097 0 0 0 0 0 0 0
rbc 0.00 0 0 14.971815107102591 0.0 54.86245772266065 45.18489289740699 0 0 0 0 0 0 0
rbc 0.00 0 0 58.61443066516347 0.0 90.35062006764376 23.471251409244644 0 0 0 0 0 0 0
rbc 0.00 0 0 89.41037204058624 0.0 137.56257046223223 45.16910935738444 0 0 0 0 0 0 0
rbc 0.00 0 0 201.34836527621195 1.992108229988726 256.0 54.71927846674182 0 0 0 0 0 0 0
rbc 0.00 0 0 182.7869222096956 9.253664036076662 234.674182638106 57.32694475760992 0 0 0 0 0 0 0
rbc 0.00 0 0 216.62232243517477 59.01352874859075 256.0 120.93122886133033 0 0 0 0 0 0 0
rbc 0.00 0 0 95.55467869222096 20.17700112739572 152.18714768883876 66.7001127395716 0 0 0 0 0 0 0
rbc 0.00 0 0 0.0 49.24013528748591 38.649379932356254 97.44532130777904 0 0 0 0 0 0 0
rbc 0.00 0 0 22.940248027057496 47.23675310033822 77.76099210822998 97.0631341600902 0 0 0 0 0 0 0
rbc 0.00 0 0 54.85343855693348 59.80045095828636 102.35287485907554 117.75760992108228 0 0 0 0 0 0 0
rbc 0.00 0 0 9.70913190529876 82.6967305524239 54.64261555806088 140.2683201803833 0 0 0 0 0 0 0
rbc 0.00 0 0 36.3021420518602 103.04622322435176 80.4498308906426 152.01916572717025 0 0 0 0 0 0 0
rbc 0.00 0 0 0.0 127.41037204058624 31.99661781285231 179.62908680947012 0 0 0 0 0 0 0
rbc 0.00 0 0 225.10597519729424 133.54114994363022 256.0 196.1262683201804 0 0 0 0 0 0 0
rbc 0.00 0 0 185.1465614430665 197.2739571589628 236.3021420518602 246.52311161217585 0 0 0 0 0 0 0
rbc 0.00 0 0 157.5355129650507 187.5479143179256 217.9943630214205 227.22209695603155 0 0 0 0 0 0 0
rbc 0.00 0 0 75.06764374295378 144.82750845546786 128.29988726042842 198.8162344983089 0 0 0 0 0 0 0
rbc 0.00 0 0 93.6967305524239 164.82863585118375 146.4227733934611 222.7068771138669 0 0 0 0 0 0 0
rbc 0.00 0 0 98.57835400225478 225.17136414881625 169.34498308906427 256.0 0 0 0 0 0 0 0
rbc 0.00 0 0 50.08004509582863 202.98759864712517 104.0022547914318 256.0 0 0 0 0 0 0 0
rbc 0.00 0 0 9.886133032694476 169.91657271702366 57.96054114994362 214.6820744081172 0 0 0 0 0 0 0
rbc 0.00 0 0 0.0 188.5422773393461 48.09808342728297 237.80383314543403 0 0 0 0 0 0 0
rbc 0.00 0 0 0.0 239.11048478015783 35.649379932356254 256.0 0 0 0 0 0 0 0
