wbc 0.00 0 0 83.87598647125141 55.22096956031567 185.8331454340473 153.28635851183765 0 0 0 0 0 0 0
rbc 0.00 0 0 0.0 0.0 49.70574971815107 23.41262683201804 0 0 0 0 0 0 0
rbc 0.00 0 0 152.3314543404735 0.0 214.25366403607663 26.70913190529876 0 0 0 0 0 0 0
rbc 0.00 0 0 79.63134160090192 4.040586245772266 122.99098083427285 57.44532130777903 0 0 0 0 0 0 0
rbc 0.00 0 0 51.8173618940248 8.219842164599774 109.22886133032694 62.766629086809466 0 0 0 0 0 0 0
rbc 0.00 0 0 31.421645997745205 22.501691093573843 79.14543404735062 70.01014656144307 0 0 0 0 0 0 0
rbc 0.00 0 0 0.0 58.57158962795941 43.13077790304396 106.58399098083429 0 0 0 0 0 0 0
rbc 0.00 0 0 0.0 101.30665163472378 18.098083427282976 140.16234498308904 0 0 0 0 0 0 0
rbc 0.00 0 0 15.272829763246898 109.9436302142052 73.20067643742954 160.4498308906426 0 0 0 0 0 0 0
rbc 0.00 0 0 233.98534385569332 0.0 256.0 22.593010146561443 0 0 0 0 0 0 0
rbc 0.00 0 0 169.76324689966177 28.56933483652762 220.73280721533257 87.43066516347237 0 0 0 0 0 0 0
rbc 0.00 0 0 188.3021420518602 66.86245772266065 235.40924464487037 117.16121758737316 0 0 0 0 0 0 0
rbc 0.00 0 0 237.61555806087932 65.35512965050732 255.37880496054112 117.04735062006765 0 0 0 0 0 0 0
rbc 0.00 0 0 218.8861330326945 114.67305524239008 256.0 167.48027057497185 0 0 0 0 0 0 0
rbc 0.00 0 0 232.18940248027056 164.7880496054115 256.0 218.27508455467867 0 0 0 0 0 0 0
rbc 0.00 0 0 180.71025930101464 152.07553551296505 221.18602029312288 193.0631341600902 0 0 0 0 0 0 0
rbc 0.00 0 0 163.50394588500563 163.95264937993235 209.48027057497185 201.5118376550169 0 0 0 0 0 0 0
rbc 0.00 0 0 192.89966178128523 188.27959413754223 251.4768883878241 243.9177001127396 0 0 0 0 0 0 0
rbc 0.00 0 0 175.53438556933483 231.03607666290867 236.50281848928967 256.0 0 0 0 0 0 0 0
rbc 0.00 0 0 103.880496054115 170.1510710259301 160.31905298759864 218.6865839909808 0 0 0 0 0 0 0
rbc 0.00 0 0 0.0 165.5445321307779 56.549041713641486 220.5490417136415 0 0 0 0 0 0 0
rbc 0.00 0 0 42.43404735062006 168.34047350620068 96.10710259301014 212.0969560315671 0 0 0 0 0 0 0
rbc 0.00 0 0 10.082299887260428 202.695603156708 70.41488162344983 253.51409244644867 0 0 0 0 0 0 0
rbc 0.00 0 0 73.74295377677565 238.3269447576099 113.67869222096957 256.0 0 0 0 0 0 0 0
rbc 0.00 0 0 92.70124013528748 223.10146561443065 147.5445321307779 256.0 0 0 0 0 0 0 0
