wbc 0.00 0 0 64.17036172695448 72.51575262543757 138.585764294049 161.926487747958 0 0 0 0 0 0 0
rbc 0.00 0 0 73.55075845974328 0.0 136.25554259043173 51.03733955659276 0 0 0 0 0 0 0
rbc 0.00 0 0 133.7106184364061 41.20070011668611 185.04667444574096 96.2485414235706 0 0 0 0 0 0 0
rbc 0.00 0 0 222.1376896149358 0.3208868144690781 256.0 61.64644107351224 0 0 0 0 0 0 0
rbc 0.00 0 0 184.85530921820305 31.36872812135356 244.88098016336053 96.92765460910152 0 0 0 0 0 0 0
rbc 0.00 0 0 195.54842473745623 99.85997666277711 252.5029171528588 145.47957992998832 0 0 0 0 0 0 0
rbc 0.00 0 0 135.42357059509916 98.5904317386231 189.7164527421237 165.9486581096849 0 0 0 0 0 0 0
rbc 0.00 0 0 186.5379229871645 143.6277712952159 253.70128354725784 198.50525087514583 0 0 0 0 0 0 0
rbc 0.00 0 0 91.83313885647608 170.7607934655776 146.38039673278877 247.708284714119 0 0 0 0 0 0 0
rbc 0.00 0 0 143.926487747958 180.9813302217036 192.1633605600933 255.5717619603267 0 0 0 0 0 0 0
rbc 0.00 0 0 190.52042007001165 192.9381563593932 248.0011668611435 254.63127187864643 0 0 0 0 0 0 0
rbc 0.00 0 0 55.74212368728121 238.5822637106184 108.83780630105016 256.0 0 0 0 0 0 0 0
rbc 0.00 0 0 116.9813302217036 0.0 162.07817969661608 11.133022170361723 0 0 0 0 0 0 0
