wbc 0.00 0 0 40.989853438556935 49.33145434047351 137.8500563697858 137.74746335963923 0 0 0 0 0 0 0
wbc 0.00 0 0 14.59413754227734 135.34047350620068 101.19842164599774 224.31567080045096 0 0 0 0 0 0 0
rbc 0.00 0 0 0.0 0.0 30.349492671927845 23.611048478015785 0 0 0 0 0 0 0
rbc 0.00 0 0 11.25140924464487 0.0 79.10033821871477 40.02029312288613 0 0 0 0 0 0 0
rbc 0.00 0 0 102.19616685456594 0.0 144.10146561443065 44.22096956031567 0 0 0 0 0 0 0
rbc 0.00 0 0 117.3303269447576 9.605411499436302 160.46786922209694 59.314543404735055 0 0 0 0 0 0 0
rbc 0.00 0 0 156.054114994363 0.0 213.65388951521984 23.746335963923336 0 0 0 0 0 0 0
rbc 0.00 0 0 206.74069898534384 0.0 256.0 45.18827508455468 0 0 0 0 0 0 0
rbc 0.00 0 0 164.5129650507328 4.056369785794814 221.7463359639233 42.9109357384442 0 0 0 0 0 0 0
rbc 0.00 0 0 239.7485907553551 47.07102593010146 256.0 90.95490417136416 0 0 0 0 0 0 0
rbc 0.00 0 0 156.31679819616684 43.71476888387824 208.391206313416 94.91319052987598 0 0 0 0 0 0 0
rbc 0.00 0 0 138.92108229988725 96.7542277339346 186.34611048478013 140.41375422773393 0 0 0 0 0 0 0
rbc 0.00 0 0 187.93235625704625 78.37429537767756 247.4599774520857 145.35400225479142 0 0 0 0 0 0 0
rbc 0.00 0 0 213.80270574971811 87.92784667418263 253.74746335963923 142.9075535512965 0 0 0 0 0 0 0
rbc 0.00 0 0 242.1217587373168 146.13416009019164 256.0 194.0259301014656 0 0 0 0 0 0 0
rbc 0.00 0 0 197.1815107102593 130.3979706877114 245.46110484780155 183.0947012401353 0 0 0 0 0 0 0
rbc 0.00 0 0 131.64261555806087 127.3607666290868 188.15896279594136 173.63585118376548 0 0 0 0 0 0 0
rbc 0.00 0 0 96.85682074408116 133.0608793686584 155.47463359639232 184.53325817361892 0 0 0 0 0 0 0
rbc 0.00 0 0 0.0 81.77903043968432 35.74520856820744 142.6865839909808 0 0 0 0 0 0 0
rbc 0.00 0 0 0.0 233.49267192784663 20.41713641488162 256.0 0 0 0 0 0 0 0
rbc 0.00 0 0 0.0 221.1138669673055 50.12288613303269 254.68320180383316 0 0 0 0 0 0 0
rbc 0.00 0 0 50.03945885005637 238.47801578354 107.3889515219842 256.0 0 0 0 0 0 0 0
rbc 0.00 0 0 102.59639233370912 213.31679819616684 157.6076662908681 256.0 0 0 0 0 0 0 0
rbc 0.00 0 0 150.26042841037204 176.7857948139797 204.18602029312288 227.0608793686584 0 0 0 0 0 0 0
rbc 0.00 0 0 159.43404735062006 185.5095828635851 223.91544532130777 245.5118376550169 0 0 0 0 0 0 0
rbc 0.00 0 0 195.21195039458848 200.29086809470124 248.4915445321308 252.71364148816235 0 0 0 0 0 0 0
