wbc 0.00 0 0 82.47392695783132 87.2705027700086 176.189261510327 182.9436686478055 0 0 0 0 0 0 0
rbc 0.00 0 0 6.099397590361446 0.1840711058519793 59.96724397590362 30.23402874892427 0 0 0 0 0 0 0
rbc 0.00 0 0 0.0 10.811101549053356 43.70218373493976 66.9248433466007 0 0 0 0 0 0 0
rbc 0.00 0 0 0.0 67.57266902431154 15.906478592943202 115.3805635488382 0 0 0 0 0 0 0
rbc 0.00 0 0 5.378657487091222 40.36861620589501 54.93401731927711 99.371285364673 0 0 0 0 0 0 0
rbc 0.00 0 0 57.3424591222031 18.95558237413941 110.9282352624785 76.73312110047333 0 0 0 0 0 0 0
rbc 0.00 0 0 60.25291792168675 1.404427979776248 109.64811478055078 43.84920597568847 0 0 0 0 0 0 0
rbc 0.00 0 0 94.94644201807228 0.0 151.57294804216866 21.61383592405336 0 0 0 0 0 0 0
rbc 0.00 0 0 157.7141915877797 0.0 215.57897213855424 25.856998305722893 0 0 0 0 0 0 0
rbc 0.00 0 0 130.36191641566265 12.080464716006883 180.62366878227195 58.98235464178141 0 0 0 0 0 0 0
rbc 0.00 0 0 113.47771891135972 36.55096614135112 164.15542975473323 81.76275750322719 0 0 0 0 0 0 0
rbc 0.00 0 0 224.2864269578313 0.1625564759036144 256.0 21.654478404690188 0 0 0 0 0 0 0
rbc 0.00 0 0 205.11928517642 35.06525992362307 245.7054243760757 88.86020533024958 0 0 0 0 0 0 0
rbc 0.00 0 0 183.96361338209985 28.671495132314977 226.03786574870912 79.76395425451808 0 0 0 0 0 0 0
rbc 0.00 0 0 187.89561370481928 83.15404138876937 220.11137854991395 126.24784517534424 0 0 0 0 0 0 0
rbc 0.00 0 0 203.4315700301205 89.58214218481068 246.94730260327023 136.39916025709982 0 0 0 0 0 0 0
rbc 0.00 0 0 16.578219126506024 101.09484926312392 67.55713478915663 164.7339278990964 0 0 0 0 0 0 0
rbc 0.00 0 0 0.0 169.40858635434597 12.771326376936315 211.22226965899316 0 0 0 0 0 0 0
rbc 0.00 0 0 0.0 205.59259022697933 47.893959767642 252.0032507261188 0 0 0 0 0 0 0
rbc 0.00 0 0 19.376317771084334 214.5570373009897 71.24807712994837 254.7810314920396 0 0 0 0 0 0 0
rbc 0.00 0 0 51.75821589931154 193.40576255916525 108.14088048623064 249.5541597192341 0 0 0 0 0 0 0
rbc 0.00 0 0 98.20951215576592 199.31989229238383 151.11159369621342 246.4978989619191 0 0 0 0 0 0 0
rbc 0.00 0 0 239.05261671686748 32.52653358971601 255.02007583907056 70.81420436209123 0 0 0 0 0 0 0
rbc 0.00 0 0 131.18425935886404 201.64825933197076 183.3656007960413 253.5630613973752 0 0 0 0 0 0 0
rbc 0.00 0 0 157.9508525172117 185.2313864834337 211.52346439328744 244.43128428894147 0 0 0 0 0 0 0
rbc 0.00 0 0 172.650104883821 151.47494554109295 221.453649419105 206.5452311478055 0 0 0 0 0 0 0
rbc 0.00 0 0 203.08854614888125 140.14629612198794 243.3555427065405 189.7028527054647 0 0 0 0 0 0 0
rbc 0.00 0 0 217.0192690404475 136.54736916415663 255.99181099397592 186.9549503818847 0 0 0 0 0 0 0
rbc 0.00 0 0 224.6306610370052 191.8997384627797 256.0 240.80367564006025 0 0 0 0 0 0 0
rbc 0.00 0 0 191.43237682874357 243.39979224935456 241.04511348967296 256.0 0 0 0 0 0 0 0
rbc 0.00 0 0 44.33925882099828 162.58864027538726 92.0895008605852 215.3721997364458 0 0 0 0 0 0 0
