wbc 0.00 0 0 126.11273957158964 85.95603156708005 197.5479143179256 159.31567080045096 0 0 0 0 0 0 0
rbc 0.00 0 0 0.0 0.0 28.0304396843292 17.22998872604284 0 0 0 0 0 0 0
rbc 0.00 0 0 0.0 18.904171364148816 42.64487034949267 71.13528748590755 0 0 0 0 0 0 0
rbc 0.00 0 0 2.1431792559188274 35.064261555806084 57.70124013528748 92.85343855693348 0 0 0 0 0 0 0
rbc 0.00 0 0 48.2119503945885 25.57835400225479 105.74182638105977 83.52874859075536 0 0 0 0 0 0 0
rbc 0.00 0 0 96.82525366403608 3.1916572717023675 160.72153325817362 58.34723788049605 0 0 0 0 0 0 0
rbc 0.00 0 0 126.4825253664036 32.16685456595265 197.9763246899662 85.87824126268319 0 0 0 0 0 0 0
rbc 0.00 0 0 207.5479143179256 0.8399098083427282 256.0 53.54114994363021 0 0 0 0 0 0 0
rbc 0.00 0 0 230.94926719278465 67.44532130777903 256.0 121.35287485907553 0 0 0 0 0 0 0
rbc 0.00 0 0 198.29537767756483 80.26493799323562 253.4272829763247 133.9898534385569 0 0 0 0 0 0 0
rbc 0.00 0 0 85.32468996617813 65.18489289740698 140.35400225479142 124.17136414881622 0 0 0 0 0 0 0
rbc 0.00 0 0 27.082299887260422 86.76775648252536 85.24351747463359 143.97745208568205 0 0 0 0 0 0 0
rbc 0.00 0 0 48.83765501691094 114.65050732807217 106.06764374295378 168.19616685456594 0 0 0 0 0 0 0
rbc 0.00 0 0 0.0 119.17023675310033 38.83652762119504 174.43855693348365 0 0 0 0 0 0 0
rbc 0.00 0 0 0.0 175.5738444193912 48.135287485907554 242.69334836527625 0 0 0 0 0 0 0
rbc 0.00 0 0 76.59075535512964 157.33258173618938 131.10710259301015 204.13866967305523 0 0 0 0 0 0 0
rbc 0.00 0 0 117.68771138669672 161.36753100338217 162.03382187147687 214.4735062006764 0 0 0 0 0 0 0
rbc 0.00 0 0 164.27621195039458 166.054114994363 212.7598647125141 220.59075535512963 0 0 0 0 0 0 0
rbc 0.00 0 0 195.6042841037204 171.73506200676437 241.73280721533257 231.31792559188276 0 0 0 0 0 0 0
rbc 0.00 0 0 243.70124013528743 165.26268320180384 256.0 204.28635851183765 0 0 0 0 0 0 0
rbc 0.00 0 0 226.8737316798196 211.3246899661781 256.0 253.45885005636976 0 0 0 0 0 0 0
rbc 0.00 0 0 48.3607666290868 193.08004509582864 96.1465614430665 241.2435174746336 0 0 0 0 0 0 0
rbc 0.00 0 0 14.6662908680947 239.4114994363021 66.93122886133033 255.2040586245772 0 0 0 0 0 0 0
rbc 0.00 0 0 72.65952649379932 207.674182638106 134.73280721533257 254.68094701240136 0 0 0 0 0 0 0
