wbc 0.00 0 0 80.34611048478016 87.4520856820744 178.16009019165728 191.7531003382187 0 0 0 0 0 0 0
rbc 0.00 0 0 0.0 0.0 42.36978579481398 12.722660653889514 0 0 0 0 0 0 0
rbc 0.00 0 0 24.449830890642616 3.359639233370913 78.43968432919954 65.87034949267192 0 0 0 0 0 0 0
rbc 0.00 0 0 78.29312288613303 0.0 139.73393461104848 32.985343855693344 0 0 0 0 0 0 0
rbc 0.00 0 0 163.99210822998873 0.0 223.782412626832 33.81059751972942 0 0 0 0 0 0 0
rbc 0.00 0 0 0.0 37.07891770011274 19.139797068771134 91.0259301014656 0 0 0 0 0 0 0
rbc 0.00 0 0 0.0 43.97294250281849 37.44757609921082 94.01240135287486 0 0 0 0 0 0 0
rbc 0.00 0 0 35.562570462232244 68.31679819616686 91.29425028184892 125.3979706877114 0 0 0 0 0 0 0
rbc 0.00 0 0 163.94363021420517 35.680947012401354 215.1815107102593 85.38669673055242 0 0 0 0 0 0 0
rbc 0.00 0 0 225.5355129650507 71.62795941375423 256.0 123.97406989853438 0 0 0 0 0 0 0
rbc 0.00 0 0 180.73731679819616 80.36753100338218 224.86471251409245 130.92559188275084 0 0 0 0 0 0 0
rbc 0.00 0 0 191.0169109357384 106.64374295377677 247.9875986471251 158.7294250281849 0 0 0 0 0 0 0
rbc 0.00 0 0 0.0 148.0259301014656 31.54227733934611 196.76324689966177 0 0 0 0 0 0 0
rbc 0.00 0 0 16.5456595264938 185.94137542277335 73.54791431792559 241.45546786922208 0 0 0 0 0 0 0
rbc 0.00 0 0 32.75084554678692 167.61668545659526 87.3957158962796 218.62457722660653 0 0 0 0 0 0 0
rbc 0.00 0 0 83.29537767756482 193.13190529875985 137.50845546786925 245.2638105975197 0 0 0 0 0 0 0
rbc 0.00 0 0 110.91882750845546 192.9368658399098 164.26381059751972 248.0856820744081 0 0 0 0 0 0 0
rbc 0.00 0 0 164.9312288613303 202.88049605411496 216.4825253664036 255.8782412626832 0 0 0 0 0 0 0
rbc 0.00 0 0 184.23111612175876 194.17136414881625 237.9695603156708 240.11499436302145 0 0 0 0 0 0 0
rbc 0.00 0 0 229.13641488162344 217.95152198421644 255.0574971815107 256.0 0 0 0 0 0 0 0
rbc 0.00 0 0 0.0631341600901916 214.4847801578354 17.73731679819617 256.0 0 0 0 0 0 0 0
rbc 0.00 0 0 0.0 243.34949267192783 52.50169109357384 256.0 0 0 0 0 0 0 0
rbc 0.00 0 0 37.72491544532131 247.21645997745208 86.38218714768884 256.0 0 0 0 0 0 0 0
