wbc 0.00 0 0 79.11273957158963 53.28861330326944 174.43291995490415 159.9616685456595 0 0 0 0 0 0 0
rbc 0.00 0 0 11.741826381059752 13.519729425028183 68.76324689966178 65.64825253664036 0 0 0 0 0 0 0
rbc 0.00 0 0 45.84103720405862 0.0 108.086809470124 45.44532130777903 0 0 0 0 0 0 0
rbc 0.00 0 0 83.42728297632469 0.0 140.92559188275084 37.36640360766629 0 0 0 0 0 0 0
rbc 0.00 0 0 208.59864712514093 0.0 253.8207440811725 25.52987598647125 0 0 0 0 0 0 0
rbc 0.00 0 0 216.086809470124 28.99323562570462 256.0 78.49718151071025 0 0 0 0 0 0 0
rbc 0.00 0 0 174.40698985343855 61.08117249154453 227.51972942502815 115.17700112739573 0 0 0 0 0 0 0
rbc 0.00 0 0 0.0 85.17474633596392 24.07553551296505 139.0947012401353 0 0 0 0 0 0 0
rbc 0.00 0 0 11.613303269447576 64.74971815107102 62.9109357384442 120.847801578354 0 0 0 0 0 0 0
rbc 0.00 0 0 41.42953776775648 78.89177001127395 84.35174746335963 144.7880496054115 0 0 0 0 0 0 0
rbc 0.00 0 0 5.365276211950395 145.96279594137542 53.12739571589628 204.79819616685452 0 0 0 0 0 0 0
rbc 0.00 0 0 29.56933483652762 144.45885005636978 75.847801578354 193.32018038331452 0 0 0 0 0 0 0
rbc 0.00 0 0 102.64487034949266 152.72153325817362 159.66629086809468 200.64599774520855 0 0 0 0 0 0 0
rbc 0.00 0 0 180.12852311161217 117.5163472378805 225.7880496054115 164.88500563697858 0 0 0 0 0 0 0
rbc 0.00 0 0 187.0845546786922 131.28072153325817 232.91431792559183 183.49718151071025 0 0 0 0 0 0 0
rbc 0.00 0 0 236.9921082299887 146.89853438556932 256.0 196.52311161217585 0 0 0 0 0 0 0
rbc 0.00 0 0 154.02254791431793 171.5377677564825 209.0281848928974 217.0496054114994 0 0 0 0 0 0 0
rbc 0.00 0 0 198.79706877113867 184.65727170236752 248.86471251409245 232.7993235625705 0 0 0 0 0 0 0
rbc 0.00 0 0 163.65614430665164 198.9030439684329 211.36189402480272 253.94588500563697 0 0 0 0 0 0 0
rbc 0.00 0 0 214.7271702367531 234.10372040586245 256.0 256.0 0 0 0 0 0 0 0
rbc 0.00 0 0 36.404735062006765 192.67080045095827 98.67643742953776 243.43517474633595 0 0 0 0 0 0 0
rbc 0.00 0 0 0.0 225.0665163472379 46.37655016910936 255.16234498308904 0 0 0 0 0 0 0
rbc 0.00 0 0 68.35738444193912 214.18827508455468 135.7959413754228 254.11273957158963 0 0 0 0 0 0 0
