wbc 0.00 0 0 72.82525366403607 146.65276211950393 177.260428410372 252.91093573844415 0 0 0 0 0 0 0
rbc 0.00 0 0 141.9312288613303 3.151071025930101 199.9695603156708 64.19842164599774 0 0 0 0 0 0 0
rbc 0.00 0 0 203.608793686584 33.076662908680944 256.0 90.28861330326944 0 0 0 0 0 0 0
rbc 0.00 0 0 111.5411499436302 17.515219842164598 143.16910935738443 82.71025930101464 0 0 0 0 0 0 0
rbc 0.00 0 0 47.682074408117245 51.11048478015783 103.47012401352872 111.24915445321308 0 0 0 0 0 0 0
rbc 0.00 0 0 26.03382187147689 112.08342728297632 82.58060879368658 166.52311161217585 0 0 0 0 0 0 0
rbc 0.00 0 0 11.104847801578352 168.18376550169108 68.70913190529876 220.88500563697855 0 0 0 0 0 0 0
rbc 0.00 0 0 158.40586245772266 114.3618940248027 216.37316798196167 175.50845546786925 0 0 0 0 0 0 0
rbc 0.00 0 0 206.8196166854566 94.68545659526494 256.0 157.95152198421647 0 0 0 0 0 0 0
rbc 0.00 0 0 157.79255918827508 222.41826381059752 216.8297632468997 256.0 0 0 0 0 0 0 0
rbc 0.00 0 0 214.4284103720406 243.71251409244644 254.56708004509585 256.0 0 0 0 0 0 0 0
