wbc 0.00 0 0 76.3032694475761 149.58511837655016 138.44419391206313 230.58511837655016 0 0 0 0 0 0 0
rbc 0.00 0 0 38.48027057497181 1.4182638105975196 98.98985343855692 42.17925591882751 0 0 0 0 0 0 0
rbc 0.00 0 0 24.81172491544532 20.751972942502817 85.92446448703495 70.6967305524239 0 0 0 0 0 0 0
rbc 0.00 0 0 99.13528748590755 3.148816234498309 154.543404735062 56.21533258173619 0 0 0 0 0 0 0
rbc 0.00 0 0 210.80157835400223 0.0 251.662908680947 10.8184892897407 0 0 0 0 0 0 0
rbc 0.00 0 0 166.3573844419391 8.528748590755354 227.1612175873732 71.85907553551296 0 0 0 0 0 0 0
rbc 0.00 0 0 74.6042841037204 58.76211950394588 128.83990980834272 114.09582863585118 0 0 0 0 0 0 0
rbc 0.00 0 0 17.79932356257046 68.77790304396844 73.35174746335963 119.68320180383316 0 0 0 0 0 0 0
rbc 0.00 0 0 7.166854565952649 97.83540022547912 56.61668545659526 156.16121758737316 0 0 0 0 0 0 0
rbc 0.00 0 0 0.0 129.63359639233371 11.0 191.7542277339346 0 0 0 0 0 0 0
rbc 0.00 0 0 8.781285231116122 139.12626832018037 58.18602029312289 199.01803833145436 0 0 0 0 0 0 0
rbc 0.00 0 0 49.46674182638106 125.64712514092446 101.82976324689966 189.5400225479143 0 0 0 0 0 0 0
rbc 0.00 0 0 34.42953776775648 188.5129650507328 81.59413754227734 253.4114994363021 0 0 0 0 0 0 0
rbc 0.00 0 0 0.968432919954904 198.5952649379932 42.41375422773393 251.58962795941372 0 0 0 0 0 0 0
rbc 0.00 0 0 229.3923337091319 61.62908680947013 256.0 112.14656144306652 0 0 0 0 0 0 0
rbc 0.00 0 0 215.1815107102593 114.22660653889514 256.0 170.89402480270573 0 0 0 0 0 0 0
rbc 0.00 0 0 166.4802705749718 105.7880496054115 214.5343855693348 159.423900789177 0 0 0 0 0 0 0
rbc 0.00 0 0 143.80721533258173 133.31792559188276 201.86245772266065 194.07553551296505 0 0 0 0 0 0 0
rbc 0.00 0 0 191.8714768883878 169.97181510710257 248.05975197294248 228.73957158962796 0 0 0 0 0 0 0
rbc 0.00 0 0 112.60992108229988 232.97745208568207 173.94363021420517 256.0 0 0 0 0 0 0 0
rbc 0.00 0 0 120.44983089064262 208.73844419391204 176.56708004509582 248.33596392333703 0 0 0 0 0 0 0
rbc 0.00 0 0 175.53664036076665 223.19616685456597 231.67192784667415 254.61555806087932 0 0 0 0 0 0 0
