wbc 0.00 0 0 107.10822998872604 177.16798196166854 209.782412626832 256.0 0 0 0 0 0 0 0
rbc 0.00 0 0 0.0 20.365276211950395 37.54227733934611 78.31454340473506 0 0 0 0 0 0 0
rbc 0.00 0 0 22.347237880496053 0.0 78.43291995490416 45.57046223224352 0 0 0 0 0 0 0
rbc 0.00 0 0 77.29537767756482 0.0 126.22435174746334 13.29086809470124 0 0 0 0 0 0 0
rbc 0.00 0 0 107.77113866967304 0.0 170.04735062006762 33.452085682074404 0 0 0 0 0 0 0
rbc 0.00 0 0 194.62344983089065 0.0 254.82299887260427 19.81172491544532 0 0 0 0 0 0 0
rbc 0.00 0 0 243.80496054114997 11.46335963923337 256.0 56.14994363021421 0 0 0 0 0 0 0
rbc 0.00 0 0 63.7260428410372 28.76437429537768 114.24915445321308 82.48027057497181 0 0 0 0 0 0 0
rbc 0.00 0 0 0.0 80.50620067643743 53.49041713641488 139.0338218714769 0 0 0 0 0 0 0
rbc 0.00 0 0 174.55580608793684 13.889515219842163 228.46335963923332 65.91206313416009 0 0 0 0 0 0 0
rbc 0.00 0 0 131.59075535512966 32.03607666290868 193.47801578354003 95.18714768883878 0 0 0 0 0 0 0
rbc 0.00 0 0 109.56708004509582 76.35174746335963 168.815107102593 128.47012401352873 0 0 0 0 0 0 0
rbc 0.00 0 0 215.86020293122888 59.089064261555805 256.0 118.12739571589628 0 0 0 0 0 0 0
rbc 0.00 0 0 132.6279594137542 109.04960541149944 189.41375422773396 160.85907553551294 0 0 0 0 0 0 0
rbc 0.00 0 0 28.25366403607666 129.04058624577226 79.48816234498308 179.88613303269446 0 0 0 0 0 0 0
rbc 0.00 0 0 3.218714768883878 164.8162344983089 59.29763246899662 217.3393461104848 0 0 0 0 0 0 0
rbc 0.00 0 0 64.23900789177002 150.4284103720406 116.32694475760992 198.90642615558065 0 0 0 0 0 0 0
rbc 0.00 0 0 102.10597519729424 157.26606538895152 146.94701240135288 205.0879368658399 0 0 0 0 0 0 0
rbc 0.00 0 0 197.1747463359639 156.61668545659526 250.45997745208567 218.2683201803833 0 0 0 0 0 0 0
rbc 0.00 0 0 212.62344983089065 120.8500563697858 256.0 171.46223224351746 0 0 0 0 0 0 0
rbc 0.00 0 0 24.009019165727167 212.5467869222097 74.30439684329198 256.0 0 0 0 0 0 0 0
rbc 0.00 0 0 53.76888387824126 227.456595264938 104.03607666290868 256.0 0 0 0 0 0 0 0
