wbc 0.00 0 0 85.610268378063 2.334889148191365 187.7386231038506 120.0688448074679 0 0 0 0 0 0 0
rbc 0.00 0 0 85.610268378063 2.334889148191365 187.7386231038506 120.0688448074679 0 0 0 0 0 0 0
rbc 0.00 0 0 0.0 0.0 53.693115519253205 35.35939323220536 0 0 0 0 0 0 0
rbc 0.00 0 0 0.0 37.35939323220536 50.539089848308045 123.21703617269544 0 0 0 0 0 0 0
rbc 0.00 0 0 37.44457409568261 17.785297549591597 84.10385064177362 102.7957992998833 0 0 0 0 0 0 0
rbc 0.00 0 0 187.52508751458572 0.0 240.91248541423568 50.51925320886814 0 0 0 0 0 0 0
rbc 0.00 0 0 235.7712952158693 57.22987164527421 256.0 115.95915985997664 0 0 0 0 0 0 0
rbc 0.00 0 0 188.84830805134183 95.39206534422402 247.82497082847135 152.91598599766627 0 0 0 0 0 0 0
rbc 0.00 0 0 64.17852975495916 97.0583430571762 112.92882147024504 151.33488914819134 0 0 0 0 0 0 0
rbc 0.00 0 0 141.07584597432904 108.98016336056008 189.41423570595097 166.56359393232205 0 0 0 0 0 0 0
rbc 0.00 0 0 9.861143523920653 141.09568261376896 63.39323220536755 191.24504084014 0 0 0 0 0 0 0
rbc 0.00 0 0 73.03500583430571 166.92882147024503 124.07234539089848 217.06884480746788 0 0 0 0 0 0 0
rbc 0.00 0 0 126.5087514585764 168.85297549591598 173.6056009334889 218.88564760793463 0 0 0 0 0 0 0
rbc 0.00 0 0 174.93348891481912 152.60793465577595 229.659276546091 205.03383897316215 0 0 0 0 0 0 0
rbc 0.00 0 0 225.99533255542588 187.1808634772462 255.9871645274212 244.0361726954492 0 0 0 0 0 0 0
rbc 0.00 0 0 165.561260210035 209.33022170361724 223.2088681446908 255.65227537922985 0 0 0 0 0 0 0
rbc 0.00 0 0 75.78296382730454 219.5425904317386 138.4784130688448 256.0 0 0 0 0 0 0 0
rbc 0.00 0 0 13.457409568261376 193.4352392065344 68.55425904317386 252.30571761960329 0 0 0 0 0 0 0
rbc 0.00 0 0 241.25670945157523 122.65344224037338 256.0 182.07234539089848 0 0 0 0 0 0 0
