wbc 0.00 0 0 115.18489289740698 41.76099210822999 183.61668545659523 134.97857948139796 0 0 0 0 0 0 0
rbc 0.00 0 0 0.0 0.0 62.14430665163472 32.88951521984216 0 0 0 0 0 0 0
rbc 0.00 0 0 66.39909808342728 0.0 120.89177001127396 40.74295377677564 0 0 0 0 0 0 0
rbc 0.00 0 0 211.64599774520852 1.452085682074408 256.0 54.72266065388951 0 0 0 0 0 0 0
rbc 0.00 0 0 71.14881623449831 42.83540022547914 121.23788049605412 91.06538895152198 0 0 0 0 0 0 0
rbc 0.00 0 0 4.693348365276211 80.50056369785794 59.965050732807214 137.41600901916573 0 0 0 0 0 0 0
rbc 0.00 0 0 0.0 112.94926719278466 49.76437429537768 159.01352874859074 0 0 0 0 0 0 0
rbc 0.00 0 0 60.965050732807214 71.87147688838782 111.76324689966178 133.032694475761 0 0 0 0 0 0 0
rbc 0.00 0 0 204.1251409244645 57.00789177001127 256.0 113.04960541149944 0 0 0 0 0 0 0
rbc 0.00 0 0 60.70349492671927 119.58962795941376 118.33821871476889 178.5062006764374 0 0 0 0 0 0 0
rbc 0.00 0 0 36.51747463359639 148.543404735062 90.52311161217588 200.1183765501691 0 0 0 0 0 0 0
rbc 0.00 0 0 0.7113866967305524 158.35625704622322 52.280721533258166 207.88951521984217 0 0 0 0 0 0 0
rbc 0.00 0 0 0.0 203.7485907553551 24.80721533258173 248.32243517474632 0 0 0 0 0 0 0
rbc 0.00 0 0 31.80608793686584 204.68432919954904 88.77226606538895 254.4216459977452 0 0 0 0 0 0 0
rbc 0.00 0 0 81.85231116121759 176.9041713641488 140.20518602029313 230.9695603156708 0 0 0 0 0 0 0
rbc 0.00 0 0 112.4825253664036 121.3630214205186 165.91657271702366 166.36527621195037 0 0 0 0 0 0 0
rbc 0.00 0 0 165.11273957158963 104.4205186020293 213.60992108229988 157.78917700112737 0 0 0 0 0 0 0
rbc 0.00 0 0 206.6200676437429 110.9391206313416 256.0 167.59751972942502 0 0 0 0 0 0 0
rbc 0.00 0 0 138.92220969560316 161.79481397970687 189.86922209695604 211.88049605411496 0 0 0 0 0 0 0
rbc 0.00 0 0 101.76550169109358 228.64036076662907 154.32807215332582 256.0 0 0 0 0 0 0 0
rbc 0.00 0 0 136.88613303269446 196.61894024802703 182.7226606538895 250.41037204058625 0 0 0 0 0 0 0
rbc 0.00 0 0 192.739571589628 152.8241262683202 229.64148816234496 201.52423900789177 0 0 0 0 0 0 0
rbc 0.00 0 0 227.40248027057496 162.9075535512965 256.0 215.84103720405864 0 0 0 0 0 0 0
rbc 0.00 0 0 181.7846674182638 213.2096956031567 232.34160090191656 255.04509582863585 0 0 0 0 0 0 0
rbc 0.00 0 0 235.10146561443065 219.41488162344984 256.0 255.27733934611047 0 0 0 0 0 0 0
