wbc 0.00 0 0 85.54791431792559 97.9977452085682 190.9098083427283 199.7914317925592 0 0 0 0 0 0 0
rbc 0.00 0 0 0.0 13.467869222096956 12.077790304396842 58.96166854565953 0 0 0 0 0 0 0
rbc 0.00 0 0 0.0 48.77226606538895 50.68432919954904 106.29199549041712 0 0 0 0 0 0 0
rbc 0.00 0 0 18.206313416009017 19.394588500563696 74.41826381059752 72.41600901916573 0 0 0 0 0 0 0
rbc 0.00 0 0 0.0 0.0 38.58399098083427 10.995490417136416 0 0 0 0 0 0 0
rbc 0.00 0 0 71.19165727170237 0.0 117.62683201803831 10.945885005636978 0 0 0 0 0 0 0
rbc 0.00 0 0 77.65276211950395 12.936865839909808 135.48478015783542 68.82750845546786 0 0 0 0 0 0 0
rbc 0.00 0 0 100.03720405862455 26.69109357384442 155.47237880496053 80.26381059751972 0 0 0 0 0 0 0
rbc 0.00 0 0 161.15558060879368 0.0 225.76775648252536 61.128523111612175 0 0 0 0 0 0 0
rbc 0.00 0 0 233.8782412626832 14.950394588500563 256.0 73.82863585118376 0 0 0 0 0 0 0
rbc 0.00 0 0 33.069898534385565 98.06764374295378 84.42502818489288 159.33934611048477 0 0 0 0 0 0 0
rbc 0.00 0 0 48.0 70.88500563697858 99.1183765501691 124.98534385569334 0 0 0 0 0 0 0
rbc 0.00 0 0 166.94475760992108 62.7576099210823 229.9740698985344 127.86922209695604 0 0 0 0 0 0 0
rbc 0.00 0 0 218.8173618940248 88.99436302142051 256.0 147.37993235625703 0 0 0 0 0 0 0
rbc 0.00 0 0 192.17136414881625 166.76775648252536 244.84441939120632 216.19729425028183 0 0 0 0 0 0 0
rbc 0.00 0 0 194.54114994363024 192.3878241262683 248.92897406989852 241.25704622322436 0 0 0 0 0 0 0
rbc 0.00 0 0 114.03833145434048 200.2457722660654 174.6640360766629 254.35062006764372 0 0 0 0 0 0 0
rbc 0.00 0 0 159.68883878241263 235.79368658399096 214.8489289740699 254.95264937993232 0 0 0 0 0 0 0
