wbc 0.00 0 0 121.98759864712514 150.29537767756483 213.19391206313412 245.1758737316798 0 0 0 0 0 0 0
rbc 0.00 0 0 72.01465614430664 0.0 125.52423900789177 50.65276211950394 0 0 0 0 0 0 0
rbc 0.00 0 0 27.19052987598647 0.0 74.7869222096956 16.179255918827508 0 0 0 0 0 0 0
rbc 0.00 0 0 0.0 1.8421645997745209 10.541149943630211 41.101465614430666 0 0 0 0 0 0 0
rbc 0.00 0 0 0.0 45.747463359639234 24.02480270574972 101.54002254791432 0 0 0 0 0 0 0
rbc 0.00 0 0 0.0 105.06764374295378 13.038331454340472 145.93010146561443 0 0 0 0 0 0 0
rbc 0.00 0 0 0.0 148.83540022547913 9.298759864712514 176.71815107102591 0 0 0 0 0 0 0
rbc 0.00 0 0 0.0 161.9379932356257 15.416009019165726 203.13190529875985 0 0 0 0 0 0 0
rbc 0.00 0 0 3.250281848928974 247.80496054114997 41.53100338218714 256.0 0 0 0 0 0 0 0
rbc 0.00 0 0 5.966178128523112 189.8759864712514 60.42164599774521 245.445321307779 0 0 0 0 0 0 0
rbc 0.00 0 0 17.99436302142052 170.0304396843292 69.28072153325817 224.77001127395715 0 0 0 0 0 0 0
rbc 0.00 0 0 48.48027057497181 112.00563697857947 103.70800450958284 170.9425028184893 0 0 0 0 0 0 0
rbc 0.00 0 0 20.282976324689965 104.47350620067644 75.26944757609921 166.2412626832018 0 0 0 0 0 0 0
rbc 0.00 0 0 26.4847801578354 58.99210822998872 75.4205186020293 108.2435174746336 0 0 0 0 0 0 0
rbc 0.00 0 0 49.80270574971815 45.94813979706877 105.00901916572715 102.31679819616684 0 0 0 0 0 0 0
rbc 0.00 0 0 116.12852311161215 0.0 170.99098083427282 32.9086809470124 0 0 0 0 0 0 0
rbc 0.00 0 0 206.73280721533257 0.7237880496054114 239.98421645997743 8.562570462232243 0 0 0 0 0 0 0
rbc 0.00 0 0 214.47350620067644 0.0 256.0 32.58399098083427 0 0 0 0 0 0 0
rbc 0.00 0 0 156.9695603156708 21.01916572717024 208.05862457722665 69.67869222096955 0 0 0 0 0 0 0
rbc 0.00 0 0 185.5377677564825 24.540022547914315 240.54565952649375 77.6065388951522 0 0 0 0 0 0 0
rbc 0.00 0 0 238.09808342728297 52.43855693348365 255.4216459977452 101.17249154453214 0 0 0 0 0 0 0
rbc 0.00 0 0 95.74408117249152 74.1228861330327 162.29199549041712 134.86471251409245 0 0 0 0 0 0 0
rbc 0.00 0 0 130.5377677564825 64.03833145434047 178.119503945885 125.76550169109356 0 0 0 0 0 0 0
rbc 0.00 0 0 170.2998872604284 90.6042841037204 225.31116121758737 146.55129650507328 0 0 0 0 0 0 0
rbc 0.00 0 0 190.0157835400225 95.9064261555806 245.22096956031567 148.8218714768884 0 0 0 0 0 0 0
rbc 0.00 0 0 220.57948139797068 145.67869222096957 256.0 203.2288613303269 0 0 0 0 0 0 0
rbc 0.00 0 0 178.94475760992108 211.29086809470124 229.14430665163476 256.0 0 0 0 0 0 0 0
rbc 0.00 0 0 117.16910935738444 242.92108229988725 160.50281848928972 255.28635851183765 0 0 0 0 0 0 0
rbc 0.00 0 0 230.41375422773396 205.13528748590755 256.0 256.0 0 0 0 0 0 0 0
