wbc 0.00 0 0 90.74633596392331 135.03607666290867 183.0620067643743 228.8985343855693 0 0 0 0 0 0 0
rbc 0.00 0 0 0.0 0.0 47.010146561443065 18.77001127395716 0 0 0 0 0 0 0
rbc 0.00 0 0 0.0 23.98421645997745 39.88951521984216 76.62119503945884 0 0 0 0 0 0 0
rbc 0.00 0 0 61.281848928974064 7.781285231116121 114.36865839909808 56.85794813979707 0 0 0 0 0 0 0
rbc 0.00 0 0 119.10597519729424 1.3855693348365277 177.65163472378805 61.196166854565945 0 0 0 0 0 0 0
rbc 0.00 0 0 154.32807215332582 12.731679819616684 211.28974069898533 64.25930101465615 0 0 0 0 0 0 0
rbc 0.00 0 0 193.13866967305523 21.21984216459977 241.26268320180384 73.68771138669672 0 0 0 0 0 0 0
rbc 0.00 0 0 0.0 80.52198421645997 26.3032694475761 134.92784667418263 0 0 0 0 0 0 0
rbc 0.00 0 0 0.1645997745208568 109.56595264937992 57.12288613303269 164.28748590755353 0 0 0 0 0 0 0
rbc 0.00 0 0 21.11273957158963 67.34836527621195 74.28072153325817 120.52423900789177 0 0 0 0 0 0 0
rbc 0.00 0 0 50.87260428410372 97.90078917700112 89.88275084554678 169.7857948139797 0 0 0 0 0 0 0
rbc 0.00 0 0 95.73957158962796 92.5749718151071 152.88500563697858 140.4216459977452 0 0 0 0 0 0 0
rbc 0.00 0 0 139.34949267192783 67.91995490417136 191.3246899661781 122.86696730552424 0 0 0 0 0 0 0
rbc 0.00 0 0 168.5400225479143 70.98647125140924 228.26155580608796 124.22209695603156 0 0 0 0 0 0 0
rbc 0.00 0 0 241.412626832018 83.5749718151071 256.0 130.6685456595265 0 0 0 0 0 0 0
rbc 0.00 0 0 235.61104847801576 141.5140924464487 256.0 198.98647125140923 0 0 0 0 0 0 0
rbc 0.00 0 0 186.16009019165728 182.8737316798196 243.31454340473505 242.630214205186 0 0 0 0 0 0 0
rbc 0.00 0 0 232.2299887260428 223.9436302142052 256.0 254.4306651634724 0 0 0 0 0 0 0
rbc 0.00 0 0 147.36753100338217 232.07666290868093 200.3393461104848 256.0 0 0 0 0 0 0 0
rbc 0.00 0 0 114.5174746335964 238.6730552423901 164.02254791431793 256.0 0 0 0 0 0 0 0
rbc 0.00 0 0 36.33032694475761 217.48928974069895 97.53438556933484 256.0 0 0 0 0 0 0 0
rbc 0.00 0 0 0.0 211.6257046223224 13.99661781285231 250.47125140924464 0 0 0 0 0 0 0
