wbc 0.00 0 0 128.31228861330325 34.73618940248027 227.48590755355127 131.09921082299886 0 0 0 0 0 0 0
rbc 0.00 0 0 13.368658399098084 0.0 67.95152198421646 33.852311161217585 0 0 0 0 0 0 0
rbc 0.00 0 0 35.859075535512964 9.411499436302142 95.6031567080045 64.32581736189402 0 0 0 0 0 0 0
rbc 0.00 0 0 88.68094701240135 3.577226606538895 131.28072153325817 67.59075535512966 0 0 0 0 0 0 0
rbc 0.00 0 0 225.4813979706877 82.91319052987598 254.88838782412623 145.78015783540022 0 0 0 0 0 0 0
rbc 0.00 0 0 133.56482525366405 0.2615558060879368 188.2965050732807 44.3923337091319 0 0 0 0 0 0 0
rbc 0.00 0 0 184.71138669673056 0.2322435174746336 225.64599774520855 29.463359639233367 0 0 0 0 0 0 0
rbc 0.00 0 0 208.41488162344984 0.0 255.3359639233371 23.591882750845546 0 0 0 0 0 0 0
rbc 0.00 0 0 0.0 31.80947012401353 35.727170236753096 83.119503945885 0 0 0 0 0 0 0
rbc 0.00 0 0 0.0 61.81510710259301 29.547914317925592 115.9966178128523 0 0 0 0 0 0 0
rbc 0.00 0 0 0.0 109.00901916572715 50.34160090191657 160.847801578354 0 0 0 0 0 0 0
rbc 0.00 0 0 76.04509582863585 117.8759864712514 130.67643742953777 178.217587373168 0 0 0 0 0 0 0
rbc 0.00 0 0 180.6392333709132 128.29199549041712 239.9695603156708 173.0518602029312 0 0 0 0 0 0 0
rbc 0.00 0 0 153.2998872604284 136.55693348365276 198.5828635851184 184.42502818489288 0 0 0 0 0 0 0
rbc 0.00 0 0 28.90529875986471 153.04847801578353 83.47350620067644 202.3607666290868 0 0 0 0 0 0 0
rbc 0.00 0 0 0.0 170.3055242390079 18.88387824126268 222.07779030439684 0 0 0 0 0 0 0
rbc 0.00 0 0 0.0 210.98308906426155 71.94250281848929 256.0 0 0 0 0 0 0 0
rbc 0.00 0 0 50.2423900789177 198.24464487034948 115.99436302142053 256.0 0 0 0 0 0 0 0
rbc 0.00 0 0 124.0248027057497 182.7485907553551 177.00563697857947 241.2649379932356 0 0 0 0 0 0 0
rbc 0.00 0 0 177.0890642615558 172.8748590755355 244.19165727170235 224.6020293122886 0 0 0 0 0 0 0
rbc 0.00 0 0 168.47576099210823 224.52762119503944 224.43179255918827 255.369785794814 0 0 0 0 0 0 0
rbc 0.00 0 0 224.6505073280721 189.95152198421644 255.64148816234496 253.73280721533257 0 0 0 0 0 0 0
