rbc 0.00 0 0 17.1610268378063 0.0 80.11551925320886 53.83547257876312 0 0 0 0 0 0 0
rbc 0.00 0 0 105.3617269544924 0.0 156.8483080513419 17.044340723453907 0 0 0 0 0 0 0
rbc 0.00 0 0 183.39789964994165 0.0 242.10618436406065 31.989498249708284 0 0 0 0 0 0 0
rbc 0.00 0 0 50.62427071178529 13.086347724620769 108.73862310385064 66.70595099183197 0 0 0 0 0 0 0
rbc 0.00 0 0 5.7771295215869305 50.317386231038505 60.3955659276546 102.8436406067678 0 0 0 0 0 0 0
rbc 0.00 0 0 0.0 78.50408401400233 43.95682613768961 139.7864644107351 0 0 0 0 0 0 0
rbc 0.00 0 0 23.431738623103847 104.25320886814468 78.463243873979 163.9708284714119 0 0 0 0 0 0 0
rbc 0.00 0 0 57.2100350058343 69.65577596266044 111.29521586931152 117.13652275379228 0 0 0 0 0 0 0
rbc 0.00 0 0 114.72928821470244 60.87164527421236 171.81680280046672 116.90665110851808 0 0 0 0 0 0 0
rbc 0.00 0 0 161.54142357059507 23.029171528588098 225.8459743290548 82.32555425904317 0 0 0 0 0 0 0
rbc 0.00 0 0 218.2112018669778 43.23570595099183 256.0 96.29521586931152 0 0 0 0 0 0 0
rbc 0.00 0 0 181.8646441073512 88.56709451575261 231.0058343057176 139.77246207701282 0 0 0 0 0 0 0
rbc 0.00 0 0 91.8833138856476 97.19369894982496 151.41890315052507 154.8401400233372 0 0 0 0 0 0 0
rbc 0.00 0 0 70.16452742123687 129.6546091015169 131.47141190198366 187.8494749124854 0 0 0 0 0 0 0
rbc 0.00 0 0 0.0 159.0 14.352392065344224 205.03617269544924 0 0 0 0 0 0 0
rbc 0.00 0 0 21.085180863477245 164.3722287047841 73.52275379229872 216.9381563593932 0 0 0 0 0 0 0
rbc 0.00 0 0 0.0 204.5379229871645 45.46091015169195 254.68144690781796 0 0 0 0 0 0 0
rbc 0.00 0 0 144.49708284714117 126.2788798133022 195.2135355892649 179.53092182030338 0 0 0 0 0 0 0
rbc 0.00 0 0 244.9673278879813 0.0 256.0 25.641773628938157 0 0 0 0 0 0 0
rbc 0.00 0 0 190.5915985997666 142.77596266044338 245.71645274212364 197.23453908984828 0 0 0 0 0 0 0
rbc 0.00 0 0 218.0700116686114 128.51808634772462 255.0746791131855 189.50408401400236 0 0 0 0 0 0 0
rbc 0.00 0 0 89.4784130688448 183.03733955659277 142.53442240373394 236.57992998833132 0 0 0 0 0 0 0
rbc 0.00 0 0 76.76079346557759 210.6989498249708 131.04200700116684 254.51691948658103 0 0 0 0 0 0 0
rbc 0.00 0 0 123.88098016336056 236.8879813302217 175.60676779463242 255.35705950991832 0 0 0 0 0 0 0
rbc 0.00 0 0 143.80630105017502 181.2753792298716 204.31038506417732 237.7911318553092 0 0 0 0 0 0 0
rbc 0.00 0 0 177.3955659276546 199.1143523920653 234.93348891481912 255.57059509918315 0 0 0 0 0 0 0
rbc 0.00 0 0 212.098016336056 220.78413068844804 255.2252042007001 256.0 0 0 0 0 0 0 0
