wbc 0.00 0 0 28.59977452085682 112.4205186020293 116.31792559188276 223.0281848928974 0 0 0 0 0 0 0
rbc 0.00 0 0 0.0 0.0 40.26493799323563 53.00563697857948 0 0 0 0 0 0 0
rbc 0.00 0 0 25.492671927846672 0.0 72.44757609921082 22.892897406989853 0 0 0 0 0 0 0
rbc 0.00 0 0 75.55355129650506 0.0 123.31341600901916 13.877113866967305 0 0 0 0 0 0 0
rbc 0.00 0 0 187.6166854565953 0.0 244.13866967305523 16.210822998872604 0 0 0 0 0 0 0
rbc 0.00 0 0 52.55918827508455 13.686583990980834 108.28748590755356 57.87485907553551 0 0 0 0 0 0 0
rbc 0.00 0 0 106.74746335963924 12.909808342728295 154.7869222096956 68.23111612175873 0 0 0 0 0 0 0
rbc 0.00 0 0 158.56144306651635 7.883878241262683 218.13866967305523 58.77903043968433 0 0 0 0 0 0 0
rbc 0.00 0 0 0.0 57.23562570462232 46.62570462232243 109.9413754227734 0 0 0 0 0 0 0
rbc 0.00 0 0 48.7587373167982 60.26493799323562 112.47801578354004 109.83201803833146 0 0 0 0 0 0 0
rbc 0.00 0 0 116.38669673055242 49.161217587373166 172.27846674182638 96.27733934611048 0 0 0 0 0 0 0
rbc 0.00 0 0 187.5524239007892 41.67192784667418 242.06200676437427 93.64937993235624 0 0 0 0 0 0 0
rbc 0.00 0 0 243.5377677564825 57.93686583990981 256.0 100.37542277339348 0 0 0 0 0 0 0
rbc 0.00 0 0 155.2728297632469 87.14317925591882 217.7632468996618 138.63810597519728 0 0 0 0 0 0 0
rbc 0.00 0 0 0.0 109.04622322435176 21.22998872604284 156.90642615558062 0 0 0 0 0 0 0
rbc 0.00 0 0 0.0 163.87034949267192 26.467869222096954 213.5479143179256 0 0 0 0 0 0 0
rbc 0.00 0 0 8.834272829763247 216.67981961668545 57.34385569334836 256.0 0 0 0 0 0 0 0
rbc 0.00 0 0 63.66178128523112 222.5073280721533 117.73280721533256 255.5738444193912 0 0 0 0 0 0 0
rbc 0.00 0 0 226.3055242390079 96.91770011273957 256.0 140.60766629086808 0 0 0 0 0 0 0
rbc 0.00 0 0 186.4768883878241 129.8759864712514 247.24013528748588 188.5727170236753 0 0 0 0 0 0 0
rbc 0.00 0 0 165.5400225479143 153.59188275084554 222.9098083427283 208.4904171364149 0 0 0 0 0 0 0
rbc 0.00 0 0 124.88951521984217 191.9943630214205 175.31567080045096 244.98308906426155 0 0 0 0 0 0 0
rbc 0.00 0 0 163.77226606538895 206.8793686583991 228.91544532130777 253.2119503945885 0 0 0 0 0 0 0
rbc 0.00 0 0 243.4960541149944 141.52536640360765 256.0 205.901916572717 0 0 0 0 0 0 0
rbc 0.00 0 0 231.45772266065387 227.92671927846672 256.0 256.0 0 0 0 0 0 0 0
rbc 0.00 0 0 130.86922209695604 244.3618940248027 165.38444193912062 255.07666290868093 0 0 0 0 0 0 0
