rbc 0.00 0 0 0.0 0.0 25.1901983663944 40.81680280046674 0 0 0 0 0 0 0
rbc 0.00 0 0 15.010501750291716 0.0 68.3372228704784 23.52742123687281 0 0 0 0 0 0 0
rbc 0.00 0 0 25.017502917152857 16.02100350058343 78.37456242707117 73.73512252042006 0 0 0 0 0 0 0
rbc 0.00 0 0 75.5659276546091 1.0618436406067675 140.2485414235706 45.59159859976663 0 0 0 0 0 0 0
rbc 0.00 0 0 77.4830805134189 23.29054842473745 131.93698949824972 74.80630105017502 0 0 0 0 0 0 0
rbc 0.00 0 0 136.24737456242707 10.938156359393233 188.27771295215868 69.97199533255542 0 0 0 0 0 0 0
rbc 0.00 0 0 161.9276546091015 12.534422403733954 215.22170361726955 67.14585764294048 0 0 0 0 0 0 0
rbc 0.00 0 0 217.13068844807464 4.381563593932322 256.0 63.47607934655775 0 0 0 0 0 0 0
rbc 0.00 0 0 200.24387397899648 51.90665110851808 255.3803967327888 111.44340723453908 0 0 0 0 0 0 0
rbc 0.00 0 0 147.6732788798133 67.33022170361727 201.90898483080517 122.57759626604434 0 0 0 0 0 0 0
rbc 0.00 0 0 86.28354725787631 73.73278879813302 147.88914819136522 129.7164527421237 0 0 0 0 0 0 0
rbc 0.00 0 0 91.87514585764292 104.26721120186696 159.61726954492414 153.39206534422402 0 0 0 0 0 0 0
rbc 0.00 0 0 0.0 96.85647607934656 55.18669778296383 157.5822637106184 0 0 0 0 0 0 0
rbc 0.00 0 0 21.568261376896142 133.39323220536755 85.63243873978996 194.5180863477246 0 0 0 0 0 0 0
rbc 0.00 0 0 0.0 157.42823803967326 36.13068844807468 216.57992998833137 0 0 0 0 0 0 0
rbc 0.00 0 0 8.437572928821469 201.8098016336056 66.55309218203034 255.8098016336056 0 0 0 0 0 0 0
rbc 0.00 0 0 43.610268378063004 189.49591598599764 105.3465577596266 244.318553092182 0 0 0 0 0 0 0
rbc 0.00 0 0 171.98249708284712 118.89148191365229 233.19953325554255 180.3080513418903 0 0 0 0 0 0 0
rbc 0.00 0 0 204.196032672112 113.08634772462077 253.5414235705951 168.85647607934655 0 0 0 0 0 0 0
rbc 0.00 0 0 147.8004667444574 193.94515752625435 206.8471411901984 247.6872812135356 0 0 0 0 0 0 0
rbc 0.00 0 0 208.2683780630105 191.901983663944 255.38973162193696 253.43873978996496 0 0 0 0 0 0 0
wbc 0.00 0 0 208.2683780630105 191.901983663944 255.38973162193696 253.43873978996496 0 0 0 0 0 0 0
wbc 0.00 0 0 89.58926487747958 148.63360560093346 158.63477246207702 221.07817969661608 0 0 0 0 0 0 0
