wbc 0.00 0 0 84.45546786922209 64.96166854565952 171.7531003382187 153.64261555806087 0 0 0 0 0 0 0
rbc 0.00 0 0 55.58173618940248 25.753100338218715 109.60992108229988 80.73167981961669 0 0 0 0 0 0 0
rbc 0.00 0 0 22.755355129650507 80.95715896279594 79.16910935738444 141.5490417136415 0 0 0 0 0 0 0
rbc 0.00 0 0 188.93235625704625 4.209695603156708 250.4272829763247 60.25817361894025 0 0 0 0 0 0 0
rbc 0.00 0 0 170.695603156708 58.94137542277339 224.82976324689963 114.75197294250282 0 0 0 0 0 0 0
rbc 0.00 0 0 217.7790304396843 101.6358511837655 256.0 163.97294250281848 0 0 0 0 0 0 0
rbc 0.00 0 0 155.55355129650508 117.0901916572717 216.4002254791432 173.70800450958285 0 0 0 0 0 0 0
rbc 0.00 0 0 22.439684329199547 204.28072153325817 76.10597519729424 255.8196166854566 0 0 0 0 0 0 0
rbc 0.00 0 0 87.05862457722661 191.95715896279597 139.695603156708 256.0 0 0 0 0 0 0 0
rbc 0.00 0 0 152.3021420518602 175.91544532130777 204.77564825253663 229.7869222096956 0 0 0 0 0 0 0
rbc 0.00 0 0 178.2085682074408 202.92784667418263 244.04509582863585 256.0 0 0 0 0 0 0 0
