wbc 0.00 0 0 66.75760992108229 25.139797068771134 171.58173618940248 137.64148816234498 0 0 0 0 0 0 0
rbc 0.00 0 0 0.0 13.73280721533258 19.992108229988727 55.08455467869221 0 0 0 0 0 0 0
rbc 0.00 0 0 0.0 0.0 31.225479143179253 25.14205186020293 0 0 0 0 0 0 0
rbc 0.00 0 0 24.485907553551296 0.0 76.43179255918827 45.95264937993235 0 0 0 0 0 0 0
rbc 0.00 0 0 60.20405862457722 2.58173618940248 104.47012401352872 50.19842164599774 0 0 0 0 0 0 0
rbc 0.00 0 0 152.31454340473505 2.531003382187148 208.67869222096957 62.18376550169109 0 0 0 0 0 0 0
rbc 0.00 0 0 170.82976324689966 0.0 227.9120631341601 22.24802705749718 0 0 0 0 0 0 0
rbc 0.00 0 0 217.52311161217585 24.977452085682074 256.0 82.45321307779031 0 0 0 0 0 0 0
rbc 0.00 0 0 0.0 59.01352874859075 31.259301014656145 121.9075535512965 0 0 0 0 0 0 0
rbc 0.00 0 0 18.41488162344983 72.608793686584 63.83314543404735 123.1240135287486 0 0 0 0 0 0 0
rbc 0.00 0 0 0.0 150.47012401352873 40.8173618940248 205.79706877113864 0 0 0 0 0 0 0
rbc 0.00 0 0 41.25930101465615 171.695603156708 99.01916572717025 230.49830890642613 0 0 0 0 0 0 0
rbc 0.00 0 0 94.57948139797068 141.55355129650508 151.65050732807214 201.3934611048478 0 0 0 0 0 0 0
rbc 0.00 0 0 139.19842164599774 156.5129650507328 191.3269447576099 231.45772266065387 0 0 0 0 0 0 0
rbc 0.00 0 0 123.27508455467868 226.13866967305523 182.3134160090192 256.0 0 0 0 0 0 0 0
rbc 0.00 0 0 197.2480270574972 242.3641488162345 238.98534385569332 256.0 0 0 0 0 0 0 0
rbc 0.00 0 0 230.7542277339346 206.79481397970687 256.0 255.7655016910936 0 0 0 0 0 0 0
rbc 0.00 0 0 242.71702367531003 182.3573844419391 256.0 207.41037204058625 0 0 0 0 0 0 0
rbc 0.00 0 0 232.1206313416009 132.49492671927845 256.0 177.021420518602 0 0 0 0 0 0 0
rbc 0.00 0 0 187.3821871476888 93.70124013528748 243.1476888387824 150.09695603156706 0 0 0 0 0 0 0
