wbc 0.00 0 0 90.67305524239008 94.24689966178128 188.7249154453213 198.9402480270575 0 0 0 0 0 0 0
rbc 0.00 0 0 31.64148816234498 0.0 89.32468996617813 49.01127395715896 0 0 0 0 0 0 0
rbc 0.00 0 0 0.0 44.688838782412624 56.14430665163472 109.23111612175872 0 0 0 0 0 0 0
rbc 0.00 0 0 37.94137542277339 93.94588500563698 91.6967305524239 153.26381059751972 0 0 0 0 0 0 0
rbc 0.00 0 0 93.55129650507328 0.0 152.20180383314545 44.72491544532131 0 0 0 0 0 0 0
rbc 0.00 0 0 156.9086809470124 0.0 217.6606538895152 48.20293122886133 0 0 0 0 0 0 0
rbc 0.00 0 0 229.10935738444192 0.0 256.0 36.26606538895152 0 0 0 0 0 0 0
rbc 0.00 0 0 160.65163472378805 59.10259301014656 210.3393461104848 114.68996617812851 0 0 0 0 0 0 0
rbc 0.00 0 0 206.5129650507328 35.931228861330325 255.08793686583988 93.58624577226608 0 0 0 0 0 0 0
rbc 0.00 0 0 44.19278466741826 207.2683201803833 93.78579481397968 256.0 0 0 0 0 0 0 0
rbc 0.00 0 0 198.0901916572717 144.80834272829762 245.04622322435176 196.3652762119504 0 0 0 0 0 0 0
rbc 0.00 0 0 182.88500563697855 201.9357384441939 244.86358511837653 256.0 0 0 0 0 0 0 0
