wbc 0.00 0 0 76.52423900789177 9.935738444193912 141.2705749718151 88.20744081172492 0 0 0 0 0 0 0
rbc 0.00 0 0 0.0 7.953776775648252 37.339346110484776 69.24464487034949 0 0 0 0 0 0 0
rbc 0.00 0 0 31.41826381059752 0.7767756482525366 87.59639233370913 38.549041713641486 0 0 0 0 0 0 0
rbc 0.00 0 0 155.89853438556932 0.0 215.6561443066516 31.91093573844419 0 0 0 0 0 0 0
rbc 0.00 0 0 215.39909808342728 0.0 256.0 50.669673055242384 0 0 0 0 0 0 0
rbc 0.00 0 0 17.627959413754226 39.31679819616685 75.23562570462232 89.76324689966177 0 0 0 0 0 0 0
rbc 0.00 0 0 15.113866967305524 76.54904171364149 71.87147688838782 124.94926719278466 0 0 0 0 0 0 0
rbc 0.00 0 0 0.0 116.53213077790303 39.24013528748591 166.50281848928972 0 0 0 0 0 0 0
rbc 0.00 0 0 108.47350620067644 55.7576099210823 170.10259301014656 109.77339346110485 0 0 0 0 0 0 0
rbc 0.00 0 0 167.60992108229988 48.22886133032694 216.16234498308904 103.71815107102591 0 0 0 0 0 0 0
rbc 0.00 0 0 201.4960541149944 54.83427282976324 239.7294250281849 120.76324689966177 0 0 0 0 0 0 0
rbc 0.00 0 0 241.80270574971811 83.1217587373168 256.0 121.6662908680947 0 0 0 0 0 0 0
rbc 0.00 0 0 96.71364148816234 100.65727170236752 152.0 156.47801578354 0 0 0 0 0 0 0
rbc 0.00 0 0 41.77790304396843 128.08229988726043 95.43404735062006 187.3010146561443 0 0 0 0 0 0 0
rbc 0.00 0 0 0.0 166.91657271702366 15.01240135287486 214.77339346110483 0 0 0 0 0 0 0
rbc 0.00 0 0 0.0 166.3934611048478 47.50732807215332 215.7091319052988 0 0 0 0 0 0 0
rbc 0.00 0 0 60.52762119503946 161.01691093573842 114.79706877113868 215.40135287485904 0 0 0 0 0 0 0
rbc 0.00 0 0 118.2998872604284 115.47125140924464 170.59188275084554 168.91995490417136 0 0 0 0 0 0 0
rbc 0.00 0 0 173.4532130777903 103.4284103720406 229.83201803833143 153.44419391206313 0 0 0 0 0 0 0
rbc 0.00 0 0 208.24013528748588 118.75310033821872 256.0 167.28861330326944 0 0 0 0 0 0 0
rbc 0.00 0 0 211.3010146561443 150.92671927846675 256.0 204.1894024802706 0 0 0 0 0 0 0
rbc 0.00 0 0 122.48703494926718 172.36753100338217 177.53325817361892 222.8726042841037 0 0 0 0 0 0 0
rbc 0.00 0 0 145.19842164599774 161.00901916572715 193.58737316798195 209.19052987598644 0 0 0 0 0 0 0
rbc 0.00 0 0 216.73731679819616 219.271702367531 256.0 256.0 0 0 0 0 0 0 0
rbc 0.00 0 0 184.0169109357384 194.58060879368657 234.6054114994363 245.3077790304397 0 0 0 0 0 0 0
rbc 0.00 0 0 175.19278466741827 228.09808342728297 232.9402480270575 256.0 0 0 0 0 0 0 0
rbc 0.00 0 0 117.880496054115 236.10372040586245 172.0631341600902 256.0 0 0 0 0 0 0 0
rbc 0.00 0 0 112.25591882750844 218.37091319052988 169.7564825253664 256.0 0 0 0 0 0 0 0
rbc 0.00 0 0 3.3404735062006763 229.55580608793684 64.71138669673056 256.0 0 0 0 0 0 0 0
rbc 0.00 0 0 16.4847801578354 209.7857948139797 80.62232243517475 254.8331454340473 0 0 0 0 0 0 0
