wbc 0.00 0 0 145.69785794813978 86.91431792559187 212.3077790304397 189.34611048478013 0 0 0 0 0 0 0
rbc 0.00 0 0 0.0 0.0 39.35625704622322 35.90191657271702 0 0 0 0 0 0 0
rbc 0.00 0 0 0.0 22.798196166854567 14.923337091319052 85.5152198421646 0 0 0 0 0 0 0
rbc 0.00 0 0 45.22435174746336 0.0 100.00112739571588 26.965050732807214 0 0 0 0 0 0 0
rbc 0.00 0 0 65.64487034949266 0.0 121.46110484780156 22.134160090191656 0 0 0 0 0 0 0
rbc 0.00 0 0 182.4114994363021 0.0 238.52536640360765 20.05862457722661 0 0 0 0 0 0 0
rbc 0.00 0 0 143.5118376550169 0.0 207.5727170236753 45.56933483652762 0 0 0 0 0 0 0
rbc 0.00 0 0 238.6606538895152 7.521984216459977 256.0 51.04735062006764 0 0 0 0 0 0 0
rbc 0.00 0 0 15.720405862457724 34.13979706877114 72.37655016910935 90.85118376550167 0 0 0 0 0 0 0
rbc 0.00 0 0 75.88726042841037 23.173618940248023 128.46110484780158 86.99098083427282 0 0 0 0 0 0 0
rbc 0.00 0 0 116.55355129650506 55.444193912063135 164.95715896279592 106.01127395715896 0 0 0 0 0 0 0
rbc 0.00 0 0 131.43291995490418 36.588500563697856 184.85907553551297 89.50281848928974 0 0 0 0 0 0 0
rbc 0.00 0 0 207.8083427282976 50.10259301014656 256.0 109.18489289740698 0 0 0 0 0 0 0
rbc 0.00 0 0 0.0 120.92108229988726 12.870349492671927 172.0665163472379 0 0 0 0 0 0 0
rbc 0.00 0 0 34.4554678692221 90.0270574971815 82.50620067643743 136.97745208568207 0 0 0 0 0 0 0
rbc 0.00 0 0 15.386696730552424 109.5715896279594 66.9966178128523 164.6651634723788 0 0 0 0 0 0 0
rbc 0.00 0 0 80.70800450958286 98.92559188275084 129.98083427282975 149.11499436302142 0 0 0 0 0 0 0
rbc 0.00 0 0 42.839909808342725 148.24464487034948 95.26719278466742 207.45546786922208 0 0 0 0 0 0 0
rbc 0.00 0 0 69.46899661781285 161.23900789177 121.46899661781283 222.46223224351743 0 0 0 0 0 0 0
rbc 0.00 0 0 0.0 224.34836527621195 24.30665163472379 256.0 0 0 0 0 0 0 0
rbc 0.00 0 0 0.0 185.79368658399096 40.12401352874859 239.86245772266065 0 0 0 0 0 0 0
rbc 0.00 0 0 52.04622322435174 240.70687711386697 104.10597519729424 256.0 0 0 0 0 0 0 0
rbc 0.00 0 0 61.8771138669673 224.815107102593 111.09808342728296 256.0 0 0 0 0 0 0 0
rbc 0.00 0 0 125.03833145434048 179.40924464487034 182.5490417136415 240.206313416009 0 0 0 0 0 0 0
rbc 0.00 0 0 217.3630214205186 169.65163472378805 256.0 221.80383314543408 0 0 0 0 0 0 0
rbc 0.00 0 0 237.49943630214204 225.95152198421644 256.0 256.0 0 0 0 0 0 0 0
rbc 0.00 0 0 175.32018038331452 233.5569334836528 224.6730552423901 256.0 0 0 0 0 0 0 0
