wbc 0.00 0 0 62.754227733934606 105.58624577226604 167.07328072153325 217.7226606538895 0 0 0 0 0 0 0
rbc 0.00 0 0 0.0 0.0 17.196166854565952 31.009019165727167 0 0 0 0 0 0 0
rbc 0.00 0 0 31.961668545659524 8.403607666290867 88.56595264937992 63.43968432919954 0 0 0 0 0 0 0
rbc 0.00 0 0 4.069898534385569 58.21871476888388 63.765501691093576 120.43742953776776 0 0 0 0 0 0 0
rbc 0.00 0 0 70.2108229988726 47.41600901916573 127.50507328072152 103.95941375422774 0 0 0 0 0 0 0
rbc 0.00 0 0 132.59864712514093 16.080045095828634 190.41826381059752 71.74182638105975 0 0 0 0 0 0 0
rbc 0.00 0 0 183.7305524239008 0.0 245.3889515219842 60.32807215332581 0 0 0 0 0 0 0
rbc 0.00 0 0 228.44193912063133 41.29537767756482 256.0 96.9052987598647 0 0 0 0 0 0 0
rbc 0.00 0 0 236.8083427282976 87.38782412626831 256.0 136.63134160090192 0 0 0 0 0 0 0
rbc 0.00 0 0 242.0518602029312 138.19842164599774 256.0 190.42728297632468 0 0 0 0 0 0 0
rbc 0.00 0 0 184.8196166854566 168.6651634723788 253.412626832018 231.59301014656145 0 0 0 0 0 0 0
rbc 0.00 0 0 200.93235625704625 235.04171364148812 254.0101465614431 256.0 0 0 0 0 0 0 0
rbc 0.00 0 0 145.52423900789177 239.6009019165727 198.28635851183765 256.0 0 0 0 0 0 0 0
rbc 0.00 0 0 0.0 193.8861330326945 49.95941375422773 249.61894024802703 0 0 0 0 0 0 0
rbc 0.00 0 0 152.94475760992108 73.304396843292 206.4656144306652 126.79932356257046 0 0 0 0 0 0 0
