wbc 0.00 0 0 76.57176196032671 107.04667444574096 177.84714119019833 217.2835472578763 0 0 0 0 0 0 0
rbc 0.00 0 0 0.0 23.772462077012836 29.12252042007001 73.63243873978996 0 0 0 0 0 0 0
rbc 0.00 0 0 0.0 56.95915985997666 22.232205367561257 104.34305717619604 0 0 0 0 0 0 0
rbc 0.00 0 0 57.40606767794632 0.0 122.5904317386231 53.07001166861143 0 0 0 0 0 0 0
rbc 0.00 0 0 95.585764294049 9.51808634772462 150.3278879813302 65.43057176196032 0 0 0 0 0 0 0
rbc 0.00 0 0 77.3220536756126 48.10851808634772 141.40023337222868 93.57526254375728 0 0 0 0 0 0 0
rbc 0.00 0 0 27.065344224037336 47.97432905484247 76.16219369894982 104.70011668611434 0 0 0 0 0 0 0
rbc 0.00 0 0 33.659276546091014 83.54959159859976 74.11318553092181 128.7911318553092 0 0 0 0 0 0 0
rbc 0.00 0 0 13.942823803967327 102.93932322053676 63.20420070011668 156.59743290548425 0 0 0 0 0 0 0
rbc 0.00 0 0 0.0 154.43873978996498 35.32088681446908 214.2567094515753 0 0 0 0 0 0 0
rbc 0.00 0 0 16.739789964994163 164.37922987164526 53.59159859976663 215.02333722287045 0 0 0 0 0 0 0
rbc 0.00 0 0 0.0 217.12135355892647 36.13418903150525 256.0 0 0 0 0 0 0 0
rbc 0.00 0 0 64.09101516919486 228.52858809801631 124.66277712952156 256.0 0 0 0 0 0 0 0
rbc 0.00 0 0 97.07234539089848 219.0606767794632 156.10735122520418 256.0 0 0 0 0 0 0 0
rbc 0.00 0 0 157.9579929988331 221.63710618436403 216.8471411901984 256.0 0 0 0 0 0 0 0
rbc 0.00 0 0 219.67211201866976 197.7222870478413 256.0 256.0 0 0 0 0 0 0 0
rbc 0.00 0 0 190.7607934655776 157.2007001166861 241.22987164527424 215.6242707117853 0 0 0 0 0 0 0
rbc 0.00 0 0 215.4235705950992 94.94282380396731 256.0 163.22870478413068 0 0 0 0 0 0 0
rbc 0.00 0 0 180.9813302217036 70.71645274212368 230.67094515752623 128.23920653442238 0 0 0 0 0 0 0
rbc 0.00 0 0 209.0408401400233 34.550758459743285 256.0 91.64760793465577 0 0 0 0 0 0 0
rbc 0.00 0 0 148.3372228704784 0.0 209.85180863477245 32.04200700116686 0 0 0 0 0 0 0
rbc 0.00 0 0 231.9918319719953 0.1551925320886814 256.0 32.91948658109685 0 0 0 0 0 0 0
rbc 0.00 0 0 176.07701283547257 14.288214702450407 226.91598599766627 62.68144690781797 0 0 0 0 0 0 0
