wbc 0.00 0 0 74.46335963923337 65.58737316798197 165.77113866967306 164.4284103720406 0 0 0 0 0 0 0
rbc 0.00 0 0 42.67643742953776 0.0 106.51747463359638 30.93348365276212 0 0 0 0 0 0 0
rbc 0.00 0 0 5.326944757609921 24.483652762119505 64.77790304396842 83.87147688838783 0 0 0 0 0 0 0
rbc 0.00 0 0 20.37429537767756 45.34272829763247 78.77113866967305 103.23900789177 0 0 0 0 0 0 0
rbc 0.00 0 0 0.0 82.65388951521984 19.07328072153326 131.63810597519728 0 0 0 0 0 0 0
rbc 0.00 0 0 94.4205186020293 2.1397970687711387 154.91544532130777 59.622322435174745 0 0 0 0 0 0 0
rbc 0.00 0 0 130.0281848928974 17.52085682074408 183.13528748590755 72.20744081172491 0 0 0 0 0 0 0
rbc 0.00 0 0 194.6347237880496 0.0 242.7835400225479 17.57271702367531 0 0 0 0 0 0 0
rbc 0.00 0 0 189.31228861330325 11.45772266065389 238.0281848928974 68.09470124013528 0 0 0 0 0 0 0
rbc 0.00 0 0 216.1251409244645 10.821871476888388 255.34949267192783 60.71589627959414 0 0 0 0 0 0 0
rbc 0.00 0 0 20.051860202931227 110.92897406989852 70.55806087936865 170.13979706877114 0 0 0 0 0 0 0
rbc 0.00 0 0 0.0 174.08342728297632 19.798196166854567 233.61894024802703 0 0 0 0 0 0 0
rbc 0.00 0 0 22.81172491544532 155.35174746335963 81.10935738444194 210.4216459977452 0 0 0 0 0 0 0
rbc 0.00 0 0 22.503945885005635 188.25366403607663 73.17700112739571 246.9425028184893 0 0 0 0 0 0 0
rbc 0.00 0 0 103.0631341600902 160.64825253664034 152.18263810597517 201.9706877113867 0 0 0 0 0 0 0
rbc 0.00 0 0 166.9988726042841 135.18827508455468 212.48928974069892 186.5569334836528 0 0 0 0 0 0 0
rbc 0.00 0 0 209.662908680947 143.19729425028183 254.51409244644867 193.0608793686584 0 0 0 0 0 0 0
rbc 0.00 0 0 150.9357384441939 185.782412626832 207.2435174746336 233.65276211950396 0 0 0 0 0 0 0
rbc 0.00 0 0 214.9932356257046 195.22209695603155 256.0 250.73506200676437 0 0 0 0 0 0 0
rbc 0.00 0 0 48.98872604284104 211.59301014656145 102.3314543404735 254.82863585118372 0 0 0 0 0 0 0
rbc 0.00 0 0 81.80157835400225 212.47125140924464 136.70574971815105 256.0 0 0 0 0 0 0 0
rbc 0.00 0 0 112.11048478015783 227.3010146561443 165.34047350620068 255.2998872604284 0 0 0 0 0 0 0
rbc 0.00 0 0 177.15445321307777 245.60766629086808 213.6899661781285 256.0 0 0 0 0 0 0 0
