rbc 0.00 0 0 6.758459743290548 0.0 59.26254375729288 39.29521586931155 0 0 0 0 0 0 0
rbc 0.00 0 0 56.17736289381563 0.0 113.40256709451576 18.64760793465577 0 0 0 0 0 0 0
rbc 0.00 0 0 99.11901983663944 4.852975495915985 159.9579929988331 65.0291715285881 0 0 0 0 0 0 0
rbc 0.00 0 0 171.81096849474912 13.501750291715284 233.18786464410732 66.68728121353558 0 0 0 0 0 0 0
rbc 0.00 0 0 40.12485414235706 28.87047841306884 100.39673278879812 79.80980163360559 0 0 0 0 0 0 0
rbc 0.00 0 0 2.84830805134189 42.22403733955659 67.32322053675612 91.93815635939322 0 0 0 0 0 0 0
rbc 0.00 0 0 46.20303383897316 83.30221703617269 91.66044340723454 120.72112018669776 0 0 0 0 0 0 0
rbc 0.00 0 0 60.83780630105017 70.07934655775962 127.13652275379228 126.12952158693116 0 0 0 0 0 0 0
rbc 0.00 0 0 0.0 85.80163360560093 19.19953325554259 129.07701283547257 0 0 0 0 0 0 0
rbc 0.00 0 0 0.7537922987164527 117.49591598599766 49.88448074679113 171.75962660443406 0 0 0 0 0 0 0
rbc 0.00 0 0 30.301050175029168 134.6207701283547 79.23337222870478 188.95915985997664 0 0 0 0 0 0 0
rbc 0.00 0 0 0.0 160.10735122520418 23.23803967327888 212.6172695449241 0 0 0 0 0 0 0
rbc 0.00 0 0 0.0 197.35239206534425 51.70128354725787 247.220536756126 0 0 0 0 0 0 0
rbc 0.00 0 0 48.45507584597433 192.8261376896149 87.82613768961494 245.87281213535587 0 0 0 0 0 0 0
rbc 0.00 0 0 236.76779463243872 0.0 256.0 50.30221703617269 0 0 0 0 0 0 0
rbc 0.00 0 0 225.91015169194864 67.94982497082846 256.0 130.58809801633603 0 0 0 0 0 0 0
rbc 0.00 0 0 191.71411901983663 121.27654609101516 246.48541423570595 170.6639439906651 0 0 0 0 0 0 0
rbc 0.00 0 0 171.4340723453909 81.17269544924153 233.04550758459743 127.3862310385064 0 0 0 0 0 0 0
rbc 0.00 0 0 181.4504084014002 198.79229871645276 231.4352392065344 245.0676779463244 0 0 0 0 0 0 0
rbc 0.00 0 0 92.48191365227537 219.96032672112017 134.0443407234539 256.0 0 0 0 0 0 0 0
rbc 0.00 0 0 167.2018669778296 235.4282380396733 224.70128354725784 256.0 0 0 0 0 0 0 0
rbc 0.00 0 0 222.34772462077007 145.72812135355892 256.0 195.4679113185531 0 0 0 0 0 0 0
wbc 0.00 0 0 97.54725787631271 105.4935822637106 199.00816802800463 216.8879813302217 0 0 0 0 0 0 0
