wbc 0.00 0 0 21.004509582863584 141.13303269447576 112.18827508455468 247.3776775648253 0 0 0 0 0 0 0
rbc 0.00 0 0 0.0 0.0 14.689966178128522 50.02142051860203 0 0 0 0 0 0 0
rbc 0.00 0 0 55.391206313416006 0.0 118.15332581736187 38.49379932356257 0 0 0 0 0 0 0
rbc 0.00 0 0 25.629086809470124 16.324689966178127 84.04735062006765 74.6944757609921 0 0 0 0 0 0 0
rbc 0.00 0 0 137.37767756482523 0.0 195.22660653889517 22.48027057497181 0 0 0 0 0 0 0
rbc 0.00 0 0 228.16347237880493 0.0 256.0 20.31567080045096 0 0 0 0 0 0 0
rbc 0.00 0 0 176.85682074408118 10.342728297632467 229.0913190529876 71.05073280721533 0 0 0 0 0 0 0
rbc 0.00 0 0 211.71476888387824 16.857948139797067 254.2344983089064 68.29086809470124 0 0 0 0 0 0 0
rbc 0.00 0 0 98.96166854565952 41.72040586245773 159.77452085682074 100.0259301014656 0 0 0 0 0 0 0
rbc 0.00 0 0 70.77001127395715 42.13190529875986 127.03607666290868 97.94813979706876 0 0 0 0 0 0 0
rbc 0.00 0 0 50.93348365276212 73.45659526493799 105.71138669673056 133.34498308906424 0 0 0 0 0 0 0
rbc 0.00 0 0 27.511837655016908 88.728297632469 78.26832018038331 142.83089064261554 0 0 0 0 0 0 0
rbc 0.00 0 0 10.042841037204058 108.7553551296505 53.61330326944757 154.50281848928972 0 0 0 0 0 0 0
rbc 0.00 0 0 0.0 196.2649379932356 25.7271702367531 254.16572717023672 0 0 0 0 0 0 0
rbc 0.00 0 0 96.34047350620068 107.70687711386697 150.63585118376548 169.63359639233371 0 0 0 0 0 0 0
rbc 0.00 0 0 157.28523111612176 68.82863585118376 212.9143179255919 125.1544532130778 0 0 0 0 0 0 0
rbc 0.00 0 0 153.97745208568207 102.88387824126268 207.68545659526492 152.8714768883878 0 0 0 0 0 0 0
rbc 0.00 0 0 147.95264937993235 130.38444193912062 200.3089064261556 183.5693348365276 0 0 0 0 0 0 0
rbc 0.00 0 0 214.89740698985344 88.41262683201803 256.0 141.9143179255919 0 0 0 0 0 0 0
rbc 0.00 0 0 217.41375422773396 108.85569334836526 255.73731679819616 163.15558060879368 0 0 0 0 0 0 0
rbc 0.00 0 0 137.6054114994363 179.6640360766629 200.04058624577223 238.37316798196167 0 0 0 0 0 0 0
rbc 0.00 0 0 202.4520856820744 184.98421645997743 253.7294250281849 235.75422773393456 0 0 0 0 0 0 0
rbc 0.00 0 0 191.445321307779 240.65388951521984 235.16009019165725 256.0 0 0 0 0 0 0 0
rbc 0.00 0 0 125.27959413754228 238.0236753100338 186.97519729425028 256.0 0 0 0 0 0 0 0
rbc 0.00 0 0 83.12965050732807 228.16009019165728 139.86583990980833 254.40360766629087 0 0 0 0 0 0 0
