wbc 0.00 0 0 69.80496054114994 148.05524239007892 133.2108229988726 228.0293122886133 0 0 0 0 0 0 0
rbc 0.00 0 0 17.370913190529876 18.942502818489288 77.49379932356257 67.68658399098084 0 0 0 0 0 0 0
rbc 0.00 0 0 27.771138669673054 0.5783540022547914 88.11273957158963 33.87373167981961 0 0 0 0 0 0 0
rbc 0.00 0 0 90.5129650507328 0.4644870349492672 147.16459977452087 52.478015783540016 0 0 0 0 0 0 0
rbc 0.00 0 0 159.271702367531 7.882750845546787 220.2096956031567 69.49041713641488 0 0 0 0 0 0 0
rbc 0.00 0 0 221.847801578354 58.63923337091319 256.0 113.28748590755356 0 0 0 0 0 0 0
rbc 0.00 0 0 67.88613303269447 57.46335963923337 122.4284103720406 112.63134160090192 0 0 0 0 0 0 0
rbc 0.00 0 0 9.609921082299886 66.59301014656144 66.68320180383314 115.00676437429536 0 0 0 0 0 0 0
rbc 0.00 0 0 0.6877113866967305 96.64148816234498 51.0924464487035 151.0022547914318 0 0 0 0 0 0 0
rbc 0.00 0 0 3.922209695603157 139.55693348365276 54.07440811724916 194.74408117249152 0 0 0 0 0 0 0
rbc 0.00 0 0 48.03607666290868 125.17700112739573 95.55580608793686 188.90078917700112 0 0 0 0 0 0 0
rbc 0.00 0 0 159.8128523111612 103.95603156708005 210.08342728297632 155.00338218714768 0 0 0 0 0 0 0
rbc 0.00 0 0 209.2480270574972 113.3618940248027 256.0 170.59751972942502 0 0 0 0 0 0 0
rbc 0.00 0 0 137.99436302142053 132.25704622322434 195.7001127395716 195.5400225479143 0 0 0 0 0 0 0
rbc 0.00 0 0 184.3055242390079 168.10597519729424 242.3438556933484 226.83089064261557 0 0 0 0 0 0 0
rbc 0.00 0 0 169.19052987598647 222.4757609921082 223.99661781285232 256.0 0 0 0 0 0 0 0
rbc 0.00 0 0 104.61104847801576 229.1984216459977 167.4487034949267 256.0 0 0 0 0 0 0 0
rbc 0.00 0 0 114.6978579481398 207.29199549041712 166.35400225479142 246.5129650507328 0 0 0 0 0 0 0
rbc 0.00 0 0 26.41488162344983 186.119503945885 75.2085682074408 250.04509582863585 0 0 0 0 0 0 0
rbc 0.00 0 0 1.117249154453213 197.50281848928967 34.51972942502818 249.9289740698985 0 0 0 0 0 0 0
