wbc 0.00 0 0 79.44081172491545 83.3934611048478 165.02480270574972 169.55129650507328 0 0 0 0 0 0 0
rbc 0.00 0 0 0.0 6.068771138669673 31.531003382187148 63.26832018038331 0 0 0 0 0 0 0
rbc 0.00 0 0 0.0 0.0 54.73055242390079 46.39458850056369 0 0 0 0 0 0 0
rbc 0.00 0 0 24.62119503945885 0.0 74.17023675310034 35.267192784667415 0 0 0 0 0 0 0
rbc 0.00 0 0 106.13641488162344 0.0 151.38331454340474 19.817361894024803 0 0 0 0 0 0 0
rbc 0.00 0 0 77.9379932356257 0.0 114.07102593010146 16.41713641488162 0 0 0 0 0 0 0
rbc 0.00 0 0 155.34836527621195 0.0 214.80383314543408 46.38444193912063 0 0 0 0 0 0 0
rbc 0.00 0 0 221.98083427282972 0.0 256.0 23.13641488162345 0 0 0 0 0 0 0
rbc 0.00 0 0 0.0 54.669673055242384 54.71589627959413 109.73167981961667 0 0 0 0 0 0 0
rbc 0.00 0 0 72.01465614430664 40.88613303269448 129.34836527621195 90.7531003382187 0 0 0 0 0 0 0
rbc 0.00 0 0 129.65614430665164 28.856820744081173 180.64599774520855 79.00563697857947 0 0 0 0 0 0 0
rbc 0.00 0 0 144.49041713641486 49.27057497181511 192.31567080045093 96.815107102593 0 0 0 0 0 0 0
rbc 0.00 0 0 211.9650507328072 25.783540022547918 255.18602029312288 73.88387824126268 0 0 0 0 0 0 0
rbc 0.00 0 0 201.70574971815105 47.38782412626832 254.24464487034948 97.29650507328073 0 0 0 0 0 0 0
rbc 0.00 0 0 201.8726042841037 88.76550169109358 256.0 141.92671927846675 0 0 0 0 0 0 0
rbc 0.00 0 0 0.0 115.46110484780158 30.56595264937993 167.0586245772266 0 0 0 0 0 0 0
rbc 0.00 0 0 0.0 168.52649379932356 19.071025930101463 234.510710259301 0 0 0 0 0 0 0
rbc 0.00 0 0 8.908680947012401 187.6944757609921 63.24915445321307 241.56257046223223 0 0 0 0 0 0 0
rbc 0.00 0 0 29.364148816234497 134.91995490417136 83.33483652762119 189.62908680947007 0 0 0 0 0 0 0
rbc 0.00 0 0 39.89064261555806 190.31679819616684 93.06989853438556 233.37767756482523 0 0 0 0 0 0 0
rbc 0.00 0 0 1.2209695603156707 241.5118376550169 53.430665163472376 256.0 0 0 0 0 0 0 0
rbc 0.00 0 0 56.444193912063135 214.62908680947007 112.04284103720406 256.0 0 0 0 0 0 0 0
rbc 0.00 0 0 188.49718151071025 208.782412626832 247.7204058624577 250.46786922209697 0 0 0 0 0 0 0
rbc 0.00 0 0 219.52987598647124 151.22886133032694 256.0 211.97294250281848 0 0 0 0 0 0 0
rbc 0.00 0 0 102.56933483652762 170.76888387824127 157.98872604284102 221.9763246899662 0 0 0 0 0 0 0
rbc 0.00 0 0 111.5997745208568 182.83652762119505 165.73844419391204 238.51521984216456 0 0 0 0 0 0 0
rbc 0.00 0 0 160.85456595264938 159.35625704622322 215.0608793686584 212.31567080045096 0 0 0 0 0 0 0
rbc 0.00 0 0 167.64261555806087 134.79819616685455 222.4193912063134 185.08342728297632 0 0 0 0 0 0 0
