wbc 0.00 0 0 54.37204058624577 42.10259301014656 150.25140924464486 134.67192784667418 0 0 0 0 0 0 0
rbc 0.00 0 0 56.25704622322435 0.0 117.30665163472378 18.61555806087937 0 0 0 0 0 0 0
rbc 0.00 0 0 3.2728297632469 30.804960541149946 52.42953776775648 82.74295377677565 0 0 0 0 0 0 0
rbc 0.00 0 0 17.156708004509582 7.273957158962796 68.10597519729424 62.65727170236752 0 0 0 0 0 0 0
rbc 0.00 0 0 126.00112739571588 6.198421645997745 176.35062006764372 68.08004509582864 0 0 0 0 0 0 0
rbc 0.00 0 0 173.70800450958285 17.767756482525364 218.3551296505073 72.06877113866966 0 0 0 0 0 0 0
rbc 0.00 0 0 191.13416009019164 54.95377677564825 241.27733934611047 98.89740698985344 0 0 0 0 0 0 0
rbc 0.00 0 0 200.3348365276212 76.77339346110485 255.3021420518602 131.77564825253663 0 0 0 0 0 0 0
rbc 0.00 0 0 217.83201803833143 132.9977452085682 256.0 184.4960541149944 0 0 0 0 0 0 0
rbc 0.00 0 0 240.07102593010143 182.92333709131904 256.0 226.65276211950396 0 0 0 0 0 0 0
rbc 0.00 0 0 178.91995490417136 168.77113866967304 232.7091319052988 226.12401352874855 0 0 0 0 0 0 0
rbc 0.00 0 0 97.16572717023676 139.42953776775647 159.73618940248025 194.2029312288613 0 0 0 0 0 0 0
rbc 0.00 0 0 21.630214205186014 81.19052987598647 64.32468996617813 139.38556933483653 0 0 0 0 0 0 0
rbc 0.00 0 0 0.0 89.15332581736189 21.76662908680947 141.12175873731678 0 0 0 0 0 0 0
rbc 0.00 0 0 0.0 140.37429537767756 20.96054114994363 187.76211950394588 0 0 0 0 0 0 0
rbc 0.00 0 0 0.4836527621195039 141.28748590755353 48.5129650507328 196.7474633596392 0 0 0 0 0 0 0
rbc 0.00 0 0 42.23900789177001 165.77339346110483 97.05411499436302 221.5411499436302 0 0 0 0 0 0 0
rbc 0.00 0 0 72.47350620067644 195.6065388951522 122.28410372040584 242.1420518602029 0 0 0 0 0 0 0
rbc 0.00 0 0 124.9954904171364 194.43179255918827 176.15445321307777 247.47125140924464 0 0 0 0 0 0 0
rbc 0.00 0 0 221.00901916572715 237.7812852311161 256.0 256.0 0 0 0 0 0 0 0
rbc 0.00 0 0 163.47012401352873 238.09808342728297 213.4735062006764 254.00338218714768 0 0 0 0 0 0 0
rbc 0.00 0 0 117.47576099210822 247.89177001127396 149.2739571589628 255.3821871476888 0 0 0 0 0 0 0
rbc 0.00 0 0 54.54227733934611 245.89515219842164 95.93010146561444 256.0 0 0 0 0 0 0 0
rbc 0.00 0 0 0.0 226.83089064261557 47.04058624577226 255.97181510710257 0 0 0 0 0 0 0
