wbc 0.00 0 0 113.9977452085682 102.0890642615558 197.71364148816235 193.6347237880496 0 0 0 0 0 0 0
rbc 0.00 0 0 0.0 5.0349492671927845 44.05749718151071 56.70574971815107 0 0 0 0 0 0 0
rbc 0.00 0 0 0.0 35.36076662908681 35.95490417136415 84.34272829763248 0 0 0 0 0 0 0
rbc 0.00 0 0 0.0 67.25140924464486 26.798196166854567 117.28072153325816 0 0 0 0 0 0 0
rbc 0.00 0 0 11.868094701240135 51.4227733934611 61.75084554678692 103.71138669673054 0 0 0 0 0 0 0
rbc 0.00 0 0 29.25140924464487 0.0 70.47125140924464 12.073280721533258 0 0 0 0 0 0 0
rbc 0.00 0 0 71.6324689966178 0.0 121.46899661781283 20.131905298759865 0 0 0 0 0 0 0
rbc 0.00 0 0 38.04960541149944 8.296505073280722 95.55242390078917 55.16009019165727 0 0 0 0 0 0 0
rbc 0.00 0 0 55.55355129650507 30.245772266065387 109.8173618940248 74.25930101465613 0 0 0 0 0 0 0
rbc 0.00 0 0 16.8782412626832 96.5163472378805 66.09357384441938 145.5140924464487 0 0 0 0 0 0 0
rbc 0.00 0 0 0.0 133.543404735062 28.52311161217587 181.0608793686584 0 0 0 0 0 0 0
rbc 0.00 0 0 0.0 158.49041713641486 50.50845546786922 210.1679819616685 0 0 0 0 0 0 0
rbc 0.00 0 0 0.0 185.10259301014656 60.5152198421646 236.83427282976325 0 0 0 0 0 0 0
rbc 0.00 0 0 67.95377677564825 166.35287485907554 110.45772266065389 213.6076662908681 0 0 0 0 0 0 0
rbc 0.00 0 0 54.28297632468996 163.16910935738443 94.14317925591882 209.83652762119505 0 0 0 0 0 0 0
rbc 0.00 0 0 0.0 233.70687711386697 36.23788049605411 255.6595264937993 0 0 0 0 0 0 0
rbc 0.00 0 0 47.23788049605411 216.3934611048478 103.6020293122886 256.0 0 0 0 0 0 0 0
rbc 0.00 0 0 62.19842164599774 226.913190529876 111.2457722660654 256.0 0 0 0 0 0 0 0
rbc 0.00 0 0 90.94475760992108 58.713641488162345 140.79255918827508 100.91544532130776 0 0 0 0 0 0 0
rbc 0.00 0 0 108.62119503945884 49.03945885005637 159.847801578354 95.7914317925592 0 0 0 0 0 0 0
rbc 0.00 0 0 151.43968432919954 49.69109357384442 195.0811724915445 96.35512965050734 0 0 0 0 0 0 0
rbc 0.00 0 0 145.19616685456594 1.702367531003382 202.13866967305523 46.00563697857948 0 0 0 0 0 0 0
rbc 0.00 0 0 181.6933483652762 13.620067643742953 227.42953776775647 69.43404735062006 0 0 0 0 0 0 0
rbc 0.00 0 0 205.40360766629087 0.5276211950394588 256.0 25.859075535512964 0 0 0 0 0 0 0
rbc 0.00 0 0 230.608793686584 28.125140924464485 256.0 85.61668545659526 0 0 0 0 0 0 0
rbc 0.00 0 0 219.7846674182638 131.05298759864712 256.0 182.1003382187148 0 0 0 0 0 0 0
rbc 0.00 0 0 217.21195039458848 153.71025930101464 253.71702367531003 206.47801578354 0 0 0 0 0 0 0
rbc 0.00 0 0 117.08004509582864 221.82525366403607 169.98534385569334 256.0 0 0 0 0 0 0 0
rbc 0.00 0 0 130.05298759864712 211.16798196166852 181.31567080045096 245.3562570462232 0 0 0 0 0 0 0
rbc 0.00 0 0 170.04847801578353 220.3810597519729 218.94926719278465 256.0 0 0 0 0 0 0 0
rbc 0.00 0 0 237.8342728297632 193.27508455467867 256.0 241.5332581736189 0 0 0 0 0 0 0
rbc 0.00 0 0 223.32130777903043 217.4114994363021 256.0 256.0 0 0 0 0 0 0 0
