wbc 0.00 0 0 78.82299887260429 39.43742953776776 184.26606538895152 154.8128523111612 0 0 0 0 0 0 0
rbc 0.00 0 0 84.6978579481398 0.0 147.04509582863585 26.21645997745209 0 0 0 0 0 0 0
rbc 0.00 0 0 166.85682074408118 9.934611048478017 208.1871476888388 56.607666290868096 0 0 0 0 0 0 0
rbc 0.00 0 0 203.48928974069895 40.27621195039459 251.6166854565953 98.3630214205186 0 0 0 0 0 0 0
rbc 0.00 0 0 52.36978579481398 10.250281848928974 112.67305524239008 58.042841037204056 0 0 0 0 0 0 0
rbc 0.00 0 0 29.500563697857945 55.10710259301015 80.71364148816234 123.6110484780158 0 0 0 0 0 0 0
rbc 0.00 0 0 18.31228861330327 118.34385569334836 83.96054114994362 166.81172491544532 0 0 0 0 0 0 0
rbc 0.00 0 0 57.967305524239 144.22886133032694 119.00338218714768 200.5524239007892 0 0 0 0 0 0 0
rbc 0.00 0 0 166.33032694475762 101.64261555806088 226.66178128523111 156.50281848928972 0 0 0 0 0 0 0
rbc 0.00 0 0 178.84216459977452 142.28297632468997 220.78015783540025 201.52874859075536 0 0 0 0 0 0 0
rbc 0.00 0 0 131.90417136414882 156.93461104847802 184.13866967305523 210.2638105975197 0 0 0 0 0 0 0
rbc 0.00 0 0 0.0 172.14543404735062 38.21871476888388 236.08342728297632 0 0 0 0 0 0 0
rbc 0.00 0 0 15.585118376550168 226.96279594137545 76.45659526493799 256.0 0 0 0 0 0 0 0
rbc 0.00 0 0 76.41262683201803 198.46899661781285 129.1792559188275 254.6899661781285 0 0 0 0 0 0 0
rbc 0.00 0 0 130.41826381059752 209.9086809470124 188.78354002254792 256.0 0 0 0 0 0 0 0
rbc 0.00 0 0 182.34160090191656 225.0901916572717 241.68545659526487 256.0 0 0 0 0 0 0 0
rbc 0.00 0 0 211.14994363021415 164.63585118376548 255.9425028184893 221.4216459977452 0 0 0 0 0 0 0
rbc 0.00 0 0 243.6595264937993 208.22660653889517 256.0 254.78015783540025 0 0 0 0 0 0 0
