wbc 0.00 0 0 80.70011273957158 3.670800450958286 186.00676437429536 93.3652762119504 0 0 0 0 0 0 0
rbc 0.00 0 0 0.0 0.0 20.873731679819617 30.900789177001126 0 0 0 0 0 0 0
rbc 0.00 0 0 17.56595264937993 9.923337091319052 58.87598647125141 58.5140924464487 0 0 0 0 0 0 0
rbc 0.00 0 0 0.0 49.3630214205186 19.865839909808344 94.24802705749718 0 0 0 0 0 0 0
rbc 0.00 0 0 0.0 85.0597519729425 18.076662908680944 131.99210822998873 0 0 0 0 0 0 0
rbc 0.00 0 0 49.61894024802706 75.43855693348365 103.71476888387824 125.28297632468995 0 0 0 0 0 0 0
rbc 0.00 0 0 23.913190529875987 85.88838782412627 76.82525366403607 129.4227733934611 0 0 0 0 0 0 0
rbc 0.00 0 0 237.2953776775648 0.0 256.0 17.428410372040585 0 0 0 0 0 0 0
rbc 0.00 0 0 183.61443066516347 16.215332581736188 232.20518602029316 72.40360766629087 0 0 0 0 0 0 0
rbc 0.00 0 0 204.55129650507328 33.943630214205186 256.0 82.59075535512966 0 0 0 0 0 0 0
rbc 0.00 0 0 158.33032694475762 74.70913190529876 209.58173618940248 132.41375422773393 0 0 0 0 0 0 0
rbc 0.00 0 0 129.7485907553551 88.89627959413754 183.73957158962796 138.19278466741827 0 0 0 0 0 0 0
rbc 0.00 0 0 211.03156708004508 95.56031567080043 254.76437429537765 149.43404735062006 0 0 0 0 0 0 0
rbc 0.00 0 0 225.50507328072152 108.03720405862455 256.0 155.4543404735062 0 0 0 0 0 0 0
rbc 0.00 0 0 211.1758737316798 138.95603156708003 256.0 197.2299887260428 0 0 0 0 0 0 0
rbc 0.00 0 0 151.91770011273957 137.37542277339347 207.4002254791432 192.77564825253663 0 0 0 0 0 0 0
rbc 0.00 0 0 114.13303269447576 141.13866967305523 168.62344983089065 200.0281848928974 0 0 0 0 0 0 0
rbc 0.00 0 0 23.78466741826381 140.29763246899662 73.79706877113867 195.26606538895152 0 0 0 0 0 0 0
rbc 0.00 0 0 54.44193912063134 131.84441939120632 101.29425028184892 179.52536640360768 0 0 0 0 0 0 0
rbc 0.00 0 0 81.61330326944757 178.17249154453214 126.91657271702368 228.32919954904173 0 0 0 0 0 0 0
rbc 0.00 0 0 0.0 222.8985343855693 40.78466741826381 256.0 0 0 0 0 0 0 0
rbc 0.00 0 0 0.0 197.74182638105972 49.410372040586246 244.28861330326944 0 0 0 0 0 0 0
rbc 0.00 0 0 42.34498308906426 202.44870349492672 92.33483652762118 250.0563697857948 0 0 0 0 0 0 0
rbc 0.00 0 0 92.23449830890642 234.47350620067644 135.95828635851183 256.0 0 0 0 0 0 0 0
rbc 0.00 0 0 131.83427282976325 188.91544532130777 180.22998872604285 254.7485907553551 0 0 0 0 0 0 0
rbc 0.00 0 0 174.3077790304397 237.97519729425028 223.81285231116124 256.0 0 0 0 0 0 0 0
rbc 0.00 0 0 164.31454340473505 199.93235625704625 214.0856820744081 249.77226606538892 0 0 0 0 0 0 0
rbc 0.00 0 0 228.08004509582864 237.5941375422773 256.0 256.0 0 0 0 0 0 0 0
