wbc 0.00 0 0 149.17361894024802 105.80721533258172 246.10710259301013 196.782412626832 0 0 0 0 0 0 0
rbc 0.00 0 0 0.0 0.0 37.70913190529876 55.02593010146561 0 0 0 0 0 0 0
rbc 0.00 0 0 81.29650507328071 0.0 131.3889515219842 15.578354002254793 0 0 0 0 0 0 0
rbc 0.00 0 0 110.88726042841036 0.0 173.7632468996618 31.63246899661781 0 0 0 0 0 0 0
rbc 0.00 0 0 213.2649379932356 0.0 256.0 11.288613303269448 0 0 0 0 0 0 0
rbc 0.00 0 0 182.8331454340473 4.750845546786922 239.83990980834272 53.63810597519729 0 0 0 0 0 0 0
rbc 0.00 0 0 244.152198421646 16.058624577226606 256.0 76.9988726042841 0 0 0 0 0 0 0
rbc 0.00 0 0 25.03720405862457 32.35625704622322 77.88500563697858 86.07891770011273 0 0 0 0 0 0 0
rbc 0.00 0 0 64.50732807215333 18.945885005636978 128.36640360766629 77.08117249154454 0 0 0 0 0 0 0
rbc 0.00 0 0 133.89177001127396 32.32018038331454 182.90078917700112 75.73393461104848 0 0 0 0 0 0 0
rbc 0.00 0 0 0.0 79.99323562570461 26.471251409244644 138.66629086809468 0 0 0 0 0 0 0
rbc 0.00 0 0 30.112739571589625 91.21758737316796 78.16121758737316 141.42953776775647 0 0 0 0 0 0 0
rbc 0.00 0 0 59.55242390078917 105.89064261555804 110.19391206313416 160.58850056369783 0 0 0 0 0 0 0
rbc 0.00 0 0 90.30777903043968 60.50845546786922 139.83990980834272 100.2423900789177 0 0 0 0 0 0 0
rbc 0.00 0 0 170.00338218714768 50.55355129650507 220.48816234498307 85.55016910935737 0 0 0 0 0 0 0
rbc 0.00 0 0 107.8523111612176 103.16234498308906 146.31454340473505 149.25817361894025 0 0 0 0 0 0 0
rbc 0.00 0 0 244.05975197294248 104.8759864712514 255.5749718151071 139.3077790304397 0 0 0 0 0 0 0
rbc 0.00 0 0 0.0 141.86583990980833 23.482525366403607 186.22660653889517 0 0 0 0 0 0 0
rbc 0.00 0 0 32.9695603156708 161.71364148816232 87.15332581736189 206.19052987598644 0 0 0 0 0 0 0
rbc 0.00 0 0 9.934611048478017 180.2705749718151 66.44532130777903 229.325817361894 0 0 0 0 0 0 0
rbc 0.00 0 0 95.1488162344983 153.14092446448703 153.92559188275084 228.37316798196167 0 0 0 0 0 0 0
rbc 0.00 0 0 68.15558060879368 217.2040586245772 125.38782412626831 256.0 0 0 0 0 0 0 0
