wbc 0.00 0 0 145.05524239007892 1.4374295377677564 247.2795941375423 106.391206313416 0 0 0 0 0 0 0
rbc 0.00 0 0 115.53100338218714 0.0 164.60992108229988 31.744081172491544 0 0 0 0 0 0 0
rbc 0.00 0 0 60.19729425028184 0.0 116.43179255918828 42.55355129650507 0 0 0 0 0 0 0
rbc 0.00 0 0 23.476888387824125 4.738444193912063 80.91319052987598 79.79819616685455 0 0 0 0 0 0 0
rbc 0.00 0 0 0.0 55.26944757609921 55.32807215332581 118.18940248027056 0 0 0 0 0 0 0
rbc 0.00 0 0 0.0 0.0 41.5140924464487 19.41826381059752 0 0 0 0 0 0 0
rbc 0.00 0 0 28.255918827508456 101.80834272829765 78.58060879368658 155.5783540022548 0 0 0 0 0 0 0
rbc 0.00 0 0 136.52536640360765 100.1815107102593 196.7068771138669 158.53551296505074 0 0 0 0 0 0 0
rbc 0.00 0 0 206.0924464487035 81.95941375422773 256.0 152.28184892897406 0 0 0 0 0 0 0
rbc 0.00 0 0 0.0 144.4171364148816 23.749718151071026 199.3855693348365 0 0 0 0 0 0 0
rbc 0.00 0 0 25.19729425028185 155.64148816234498 81.85231116121759 215.8793686583991 0 0 0 0 0 0 0
rbc 0.00 0 0 80.07779030439684 141.16910935738443 134.7812852311161 199.21984216459973 0 0 0 0 0 0 0
rbc 0.00 0 0 103.96843291995488 193.85794813979703 152.30890642615557 240.13979706877117 0 0 0 0 0 0 0
rbc 0.00 0 0 161.53100338218715 151.71476888387824 216.52987598647127 216.49718151071025 0 0 0 0 0 0 0
rbc 0.00 0 0 234.4171364148816 158.9379932356257 256.0 217.9312288613303 0 0 0 0 0 0 0
rbc 0.00 0 0 176.04171364148814 219.20180383314545 233.16234498308904 256.0 0 0 0 0 0 0 0
rbc 0.00 0 0 0.0 212.50281848928967 19.107102593010147 256.0 0 0 0 0 0 0 0
rbc 0.00 0 0 22.747463359639237 219.2108229988726 64.6347237880496 256.0 0 0 0 0 0 0 0
rbc 0.00 0 0 67.34611048478016 218.78015783540025 114.67418263810598 256.0 0 0 0 0 0 0 0
rbc 0.00 0 0 126.8139797068771 243.739571589628 168.55580608793684 256.0 0 0 0 0 0 0 0
