wbc 0.00 0 0 88.94865810968494 117.66277712952156 159.16802800466743 191.7922987164527 0 0 0 0 0 0 0
rbc 0.00 0 0 0.0 0.0 33.29521586931155 53.84830805134189 0 0 0 0 0 0 0
rbc 0.00 0 0 62.8541423570595 0.0 119.75495915985996 33.46441073512252 0 0 0 0 0 0 0
rbc 0.00 0 0 126.9323220536756 3.269544924154025 182.1108518086348 57.140023337222864 0 0 0 0 0 0 0
rbc 0.00 0 0 184.33022170361724 15.558926487747955 240.24504084014 78.54142357059509 0 0 0 0 0 0 0
rbc 0.00 0 0 168.45157526254374 39.11201866977829 224.67211201866976 97.36639439906652 0 0 0 0 0 0 0
rbc 0.00 0 0 223.0163360560093 67.04200700116685 255.147024504084 116.64877479579928 0 0 0 0 0 0 0
rbc 0.00 0 0 151.01283547257876 91.17969661610267 202.9369894982497 142.0583430571762 0 0 0 0 0 0 0
rbc 0.00 0 0 158.4014002333722 100.61843640606769 218.8051341890315 160.4842473745624 0 0 0 0 0 0 0
rbc 0.00 0 0 60.13535589264877 32.45624270711785 119.28704784130689 88.13302217036173 0 0 0 0 0 0 0
rbc 0.00 0 0 94.45507584597432 45.17619603267211 148.17036172695447 104.77712952158691 0 0 0 0 0 0 0
rbc 0.00 0 0 0.0 68.11085180863476 39.73745624270711 117.04084014002332 0 0 0 0 0 0 0
rbc 0.00 0 0 39.20770128354725 83.86114352392065 96.72228704784128 136.86814469078178 0 0 0 0 0 0 0
rbc 0.00 0 0 32.36172695449241 119.3955659276546 89.24037339556591 168.83313885647607 0 0 0 0 0 0 0
rbc 0.00 0 0 0.0 117.3173862310385 26.79579929988331 172.48308051341888 0 0 0 0 0 0 0
rbc 0.00 0 0 0.0 172.3512252042007 24.28588098016336 225.79229871645276 0 0 0 0 0 0 0
rbc 0.00 0 0 33.06067677946324 170.2987164527421 79.77129521586932 231.8564760793465 0 0 0 0 0 0 0
rbc 0.00 0 0 54.27187864644107 172.78763127187864 107.27187864644104 232.5332555425904 0 0 0 0 0 0 0
rbc 0.00 0 0 6.830805134189031 214.757292882147 67.17386231038506 255.67561260210036 0 0 0 0 0 0 0
rbc 0.00 0 0 72.95332555425904 230.27071178529752 126.82030338389733 256.0 0 0 0 0 0 0 0
rbc 0.00 0 0 117.35239206534422 200.5705950991832 181.2567094515753 252.6557759626604 0 0 0 0 0 0 0
rbc 0.00 0 0 182.84130688448076 178.47724620770126 228.02333722287045 231.43290548424733 0 0 0 0 0 0 0
rbc 0.00 0 0 186.6744457409568 219.47141190198369 239.3978996499416 256.0 0 0 0 0 0 0 0
rbc 0.00 0 0 229.9229871645274 151.04200700116684 256.0 208.0945157526254 0 0 0 0 0 0 0
rbc 0.00 0 0 237.44224037339555 179.92648774795796 255.81680280046672 233.31621936989492 0 0 0 0 0 0 0
