wbc 0.00 0 0 64.18940248027057 49.94475760992108 167.58624577226607 143.84554678692223 0 0 0 0 0 0 0
rbc 0.00 0 0 0.5546786922209695 1.375422773393461 65.33821871476889 47.4227733934611 0 0 0 0 0 0 0
rbc 0.00 0 0 51.563697857948135 15.016910935738444 99.85794813979706 70.67531003382186 0 0 0 0 0 0 0
rbc 0.00 0 0 11.46674182638106 43.52536640360766 56.701240135287485 93.71364148816234 0 0 0 0 0 0 0
rbc 0.00 0 0 0.0 106.46448703494926 13.772266065388951 154.86471251409245 0 0 0 0 0 0 0
rbc 0.00 0 0 7.161217587373168 97.06538895152198 45.86809470124013 152.86020293122886 0 0 0 0 0 0 0
rbc 0.00 0 0 21.547914317925592 138.66178128523111 74.7880496054115 193.25366403607663 0 0 0 0 0 0 0
rbc 0.00 0 0 0.0 174.2108229988726 12.177001127395716 222.55918827508452 0 0 0 0 0 0 0
rbc 0.00 0 0 0.0 198.8568207440812 41.27621195039459 251.4813979706877 0 0 0 0 0 0 0
rbc 0.00 0 0 53.90078917700112 191.55918827508452 110.53325817361892 233.43855693348365 0 0 0 0 0 0 0
rbc 0.00 0 0 39.319052987598646 235.31454340473505 97.48928974069898 256.0 0 0 0 0 0 0 0
rbc 0.00 0 0 102.58399098083429 216.55016910935737 162.74746335963923 256.0 0 0 0 0 0 0 0
rbc 0.00 0 0 184.3010146561443 246.3055242390079 231.3889515219842 256.0 0 0 0 0 0 0 0
rbc 0.00 0 0 108.28523111612176 1.5456595264937991 164.68996617812851 51.55580608793687 0 0 0 0 0 0 0
rbc 0.00 0 0 215.6674182638106 0.0 256.0 56.694475760992106 0 0 0 0 0 0 0
rbc 0.00 0 0 161.42051860202932 0.0 213.4205186020293 35.53889515219842 0 0 0 0 0 0 0
rbc 0.00 0 0 167.9075535512965 33.4532130777903 217.9289740698985 77.65501691093573 0 0 0 0 0 0 0
rbc 0.00 0 0 225.44193912063133 78.71589627959413 256.0 130.62006764374294 0 0 0 0 0 0 0
rbc 0.00 0 0 218.25028184892895 132.88500563697858 256.0 187.7260428410372 0 0 0 0 0 0 0
rbc 0.00 0 0 248.9030439684329 189.54565952649375 256.0 221.83201803833143 0 0 0 0 0 0 0
