wbc 0.00 0 0 63.06764374295378 108.08004509582864 174.445321307779 205.500563697858 0 0 0 0 0 0 0
rbc 0.00 0 0 0.3291995490417136 6.866967305524239 60.854565952649374 64.73844419391206 0 0 0 0 0 0 0
rbc 0.00 0 0 67.17474633596392 2.8726042841037205 129.36865839909808 49.042841037204056 0 0 0 0 0 0 0
rbc 0.00 0 0 149.28072153325817 0.0 195.3077790304397 16.748590755355128 0 0 0 0 0 0 0
rbc 0.00 0 0 199.4114994363021 0.0 244.76211950394588 28.558060879368657 0 0 0 0 0 0 0
rbc 0.00 0 0 0.0 71.44532130777903 14.29988726042841 111.82525366403608 0 0 0 0 0 0 0
rbc 0.00 0 0 72.15445321307779 40.134160090191656 127.80947012401352 89.9334836527621 0 0 0 0 0 0 0
rbc 0.00 0 0 113.71251409244644 57.95941375422773 166.67418263810595 112.4171364148816 0 0 0 0 0 0 0
rbc 0.00 0 0 167.89740698985344 38.69109357384442 226.09808342728297 104.55355129650508 0 0 0 0 0 0 0
rbc 0.00 0 0 151.71025930101464 98.08793686583992 204.89402480270573 157.15670800450957 0 0 0 0 0 0 0
rbc 0.00 0 0 0.0 114.24915445321308 34.181510710259296 175.2998872604284 0 0 0 0 0 0 0
rbc 0.00 0 0 23.77226606538895 113.17249154453212 66.22547914317926 181.12852311161217 0 0 0 0 0 0 0
rbc 0.00 0 0 26.00563697857948 178.82638105975195 81.16910935738444 234.43630214205183 0 0 0 0 0 0 0
rbc 0.00 0 0 204.36753100338217 119.56708004509582 253.0045095828636 176.41262683201802 0 0 0 0 0 0 0
rbc 0.00 0 0 169.80721533258173 167.71702367531003 218.4261555806088 217.0665163472379 0 0 0 0 0 0 0
rbc 0.00 0 0 224.7350620067644 198.21420518602028 256.0 252.28072153325812 0 0 0 0 0 0 0
rbc 0.00 0 0 0.0 212.67869222096957 47.18489289740699 255.16009019165725 0 0 0 0 0 0 0
rbc 0.00 0 0 173.5118376550169 218.7846674182638 224.4374295377677 256.0 0 0 0 0 0 0 0
rbc 0.00 0 0 122.7271702367531 242.73393461104845 155.09582863585118 256.0 0 0 0 0 0 0 0
