wbc 0.00 0 0 94.62119503945884 146.19278466741827 196.77339346110483 240.510710259301 0 0 0 0 0 0 0
rbc 0.00 0 0 30.75084554678692 0.0 89.84216459977452 18.640360766629087 0 0 0 0 0 0 0
rbc 0.00 0 0 119.31567080045096 0.0 179.8534385569335 27.19729425028185 0 0 0 0 0 0 0
rbc 0.00 0 0 121.98534385569334 6.8094701240135285 180.0293122886133 52.54678692220969 0 0 0 0 0 0 0
rbc 0.00 0 0 202.05298759864712 0.0 256.0 26.18376550169109 0 0 0 0 0 0 0
rbc 0.00 0 0 217.29199549041712 12.444193912063133 256.0 57.82525366403608 0 0 0 0 0 0 0
rbc 0.00 0 0 15.164599774520855 17.453213077790302 79.27621195039458 74.14205186020293 0 0 0 0 0 0 0
rbc 0.00 0 0 50.68996617812852 36.37542277339346 104.60766629086808 87.16459977452085 0 0 0 0 0 0 0
rbc 0.00 0 0 0.0 65.11612175873731 40.07779030439684 120.5704622322435 0 0 0 0 0 0 0
rbc 0.00 0 0 97.30665163472378 59.17023675310033 148.4802705749718 109.10484780157834 0 0 0 0 0 0 0
rbc 0.00 0 0 148.20067643742954 51.024802705749714 198.01465614430663 109.19391206313416 0 0 0 0 0 0 0
rbc 0.00 0 0 170.59864712514093 55.95264937993235 219.6674182638106 110.52987598647124 0 0 0 0 0 0 0
rbc 0.00 0 0 218.6922209695603 82.92446448703494 256.0 148.94137542277338 0 0 0 0 0 0 0
rbc 0.00 0 0 171.7812852311161 113.78354002254792 224.77113866967304 168.03382187147687 0 0 0 0 0 0 0
rbc 0.00 0 0 37.31454340473506 102.5163472378805 90.93461104847802 160.05298759864712 0 0 0 0 0 0 0
rbc 0.00 0 0 0.0 127.56482525366404 18.43742953776776 175.5163472378805 0 0 0 0 0 0 0
rbc 0.00 0 0 51.67756482525366 128.119503945885 102.3032694475761 186.3878241262683 0 0 0 0 0 0 0
rbc 0.00 0 0 36.27959413754228 158.9402480270575 94.2367531003382 217.7350620067644 0 0 0 0 0 0 0
rbc 0.00 0 0 0.0 183.17136414881625 33.58511837655017 235.97181510710257 0 0 0 0 0 0 0
rbc 0.00 0 0 0.0 206.4284103720406 17.282976324689965 251.52311161217588 0 0 0 0 0 0 0
rbc 0.00 0 0 191.8139797068771 175.0383314543405 246.00901916572715 230.29199549041712 0 0 0 0 0 0 0
rbc 0.00 0 0 213.77452085682077 183.92559188275084 255.3269447576099 232.98083427282972 0 0 0 0 0 0 0
rbc 0.00 0 0 215.4915445321308 238.7001127395716 256.0 256.0 0 0 0 0 0 0 0
rbc 0.00 0 0 162.76888387824127 242.36753100338217 212.79481397970687 256.0 0 0 0 0 0 0 0
rbc 0.00 0 0 64.12401352874859 243.9334836527621 104.5456595264938 256.0 0 0 0 0 0 0 0
