wbc 0.00 0 0 89.07102593010146 93.2085682074408 173.59526493799322 182.0349492671928 0 0 0 0 0 0 0
rbc 0.00 0 0 36.48703494926719 0.314543404735062 99.09695603156707 57.095828635851184 0 0 0 0 0 0 0
rbc 0.00 0 0 156.73393461104848 0.0090191657271702 218.61894024802703 43.38782412626831 0 0 0 0 0 0 0
rbc 0.00 0 0 223.13979706877112 0.0 256.0 24.741826381059752 0 0 0 0 0 0 0
rbc 0.00 0 0 201.021420518602 22.519729425028185 254.6392333709132 81.7249154453213 0 0 0 0 0 0 0
rbc 0.00 0 0 80.82638105975197 35.50620067643743 142.19165727170235 94.56144306651636 0 0 0 0 0 0 0
rbc 0.00 0 0 141.4847801578354 40.956031567080046 200.88049605411496 106.88726042841036 0 0 0 0 0 0 0
rbc 0.00 0 0 172.61555806087935 81.91206313416009 234.00901916572715 140.9932356257046 0 0 0 0 0 0 0
rbc 0.00 0 0 40.793686583990976 79.17361894024802 92.04284103720406 138.3889515219842 0 0 0 0 0 0 0
rbc 0.00 0 0 0.0 112.8173618940248 17.18827508455468 163.3359639233371 0 0 0 0 0 0 0
rbc 0.00 0 0 4.160090191657272 148.73957158962796 56.34723788049605 208.1781285231116 0 0 0 0 0 0 0
rbc 0.00 0 0 0.0 186.1048478015784 20.98872604284104 236.00338218714768 0 0 0 0 0 0 0
rbc 0.00 0 0 0.0 235.5422773393461 32.003382187147686 256.0 0 0 0 0 0 0 0
rbc 0.00 0 0 23.55129650507328 204.13303269447576 75.92897406989853 255.61555806087935 0 0 0 0 0 0 0
rbc 0.00 0 0 56.984216459977446 150.0913190529876 124.04396843291994 211.9932356257046 0 0 0 0 0 0 0
rbc 0.00 0 0 124.58511837655016 185.3269447576099 190.7891770011274 249.43291995490412 0 0 0 0 0 0 0
rbc 0.00 0 0 160.7542277339346 141.2412626832018 221.71025930101464 200.86922209695604 0 0 0 0 0 0 0
rbc 0.00 0 0 194.58850056369783 186.13303269447576 250.52198421646 250.3303269447576 0 0 0 0 0 0 0
