wbc 0.00 0 0 97.31454340473506 2.2931228861330326 193.0270574971815 106.16459977452084 0 0 0 0 0 0 0
rbc 0.00 0 0 0.0 30.22435174746336 42.11273957158963 84.88387824126268 0 0 0 0 0 0 0
rbc 0.00 0 0 30.855693348365275 9.22435174746336 79.85005636978579 65.86696730552424 0 0 0 0 0 0 0
rbc 0.00 0 0 32.780157835400225 0.0 82.74746335963923 8.131905298759865 0 0 0 0 0 0 0
rbc 0.00 0 0 59.082299887260426 24.812852311161212 102.50958286358512 92.69222096956032 0 0 0 0 0 0 0
rbc 0.00 0 0 234.5636978579481 0.0 255.97745208568207 27.66854565952649 0 0 0 0 0 0 0
rbc 0.00 0 0 191.59075535512963 5.573844419391207 246.56482525366405 62.1826381059752 0 0 0 0 0 0 0
rbc 0.00 0 0 199.95039458850056 63.81510710259301 246.325817361894 115.04735062006765 0 0 0 0 0 0 0
rbc 0.00 0 0 207.6640360766629 82.20631341600901 253.46899661781285 129.2367531003382 0 0 0 0 0 0 0
rbc 0.00 0 0 121.50394588500563 97.19165727170235 181.8793686583991 147.37542277339347 0 0 0 0 0 0 0
rbc 0.00 0 0 23.7576099210823 91.71927846674184 69.90078917700112 148.52874859075536 0 0 0 0 0 0 0
rbc 0.00 0 0 48.44532130777903 89.08342728297632 94.08342728297632 138.26268320180384 0 0 0 0 0 0 0
rbc 0.00 0 0 0.0 104.53664036076664 27.67756482525366 160.55467869222096 0 0 0 0 0 0 0
rbc 0.00 0 0 0.0 199.1262683201804 46.91770011273957 255.8500563697858 0 0 0 0 0 0 0
rbc 0.00 0 0 9.122886133032694 170.6042841037204 63.21984216459977 222.27621195039455 0 0 0 0 0 0 0
rbc 0.00 0 0 52.23337091319053 137.4261555806088 117.82976324689966 191.03945885005635 0 0 0 0 0 0 0
rbc 0.00 0 0 96.19052987598648 161.29086809470124 156.14543404735062 209.24915445321307 0 0 0 0 0 0 0
rbc 0.00 0 0 62.4543404735062 193.37993235625703 109.2085682074408 241.85005636978576 0 0 0 0 0 0 0
rbc 0.00 0 0 91.02367531003382 196.8432919954904 139.49492671927845 246.0563697857948 0 0 0 0 0 0 0
rbc 0.00 0 0 123.2457722660654 210.869222096956 174.63810597519728 255.48816234498307 0 0 0 0 0 0 0
rbc 0.00 0 0 171.9966178128523 117.43968432919954 226.630214205186 169.79481397970687 0 0 0 0 0 0 0
rbc 0.00 0 0 218.97181510710257 131.0597519729425 254.97745208568205 179.63359639233371 0 0 0 0 0 0 0
rbc 0.00 0 0 179.815107102593 143.13190529875985 233.7993235625705 203.70913190529876 0 0 0 0 0 0 0
rbc 0.00 0 0 226.3246899661781 180.12739571589628 256.0 230.9402480270575 0 0 0 0 0 0 0
rbc 0.00 0 0 178.34272829763245 208.44870349492672 231.8399098083427 249.18376550169108 0 0 0 0 0 0 0
rbc 0.00 0 0 227.9481397970688 233.1206313416009 255.59864712514093 255.37880496054115 0 0 0 0 0 0 0
rbc 0.00 0 0 169.9898534385569 243.2987598647125 211.0620067643743 255.53325817361892 0 0 0 0 0 0 0
