wbc 0.00 0 0 15.801578354002254 121.8196166854566 116.43291995490416 224.423900789177 0 0 0 0 0 0 0
rbc 0.00 0 0 0.0 0.0 37.02818489289741 33.67305524239008 0 0 0 0 0 0 0
rbc 0.00 0 0 58.687711386696726 0.0 112.5456595264938 17.80608793686584 0 0 0 0 0 0 0
rbc 0.00 0 0 220.5941375422773 0.5343855693348365 256.0 39.6967305524239 0 0 0 0 0 0 0
rbc 0.00 0 0 103.70011273957158 1.3156708004509583 170.68320180383313 52.21533258173619 0 0 0 0 0 0 0
rbc 0.00 0 0 18.58286358511837 20.821871476888383 78.15896279594136 76.3945885005637 0 0 0 0 0 0 0
rbc 0.00 0 0 0.0 45.391206313416006 19.430665163472376 94.30665163472378 0 0 0 0 0 0 0
rbc 0.00 0 0 0.0 86.42728297632469 45.03269447576099 138.8759864712514 0 0 0 0 0 0 0
rbc 0.00 0 0 90.70462232243516 27.877113866967303 152.57948139797068 82.89853438556933 0 0 0 0 0 0 0
rbc 0.00 0 0 152.02254791431793 7.54227733934611 211.17700112739573 67.78466741826381 0 0 0 0 0 0 0
rbc 0.00 0 0 200.8759864712514 11.052987598647125 250.7305524239008 56.43179255918827 0 0 0 0 0 0 0
rbc 0.00 0 0 182.7294250281849 53.99436302142052 241.28523111612176 106.62344983089064 0 0 0 0 0 0 0
rbc 0.00 0 0 145.06877113866966 82.68771138669673 200.3562570462232 146.22886133032694 0 0 0 0 0 0 0
rbc 0.00 0 0 89.35174746335963 97.65839909808342 147.61894024802706 145.56482525366405 0 0 0 0 0 0 0
rbc 0.00 0 0 110.8500563697858 137.21645997745208 168.01127395715895 188.3618940248027 0 0 0 0 0 0 0
rbc 0.00 0 0 145.31679819616684 160.61443066516347 195.74746335963923 217.34160090191656 0 0 0 0 0 0 0
rbc 0.00 0 0 205.6369785794814 102.61104847801576 256.0 141.3010146561443 0 0 0 0 0 0 0
rbc 0.00 0 0 185.31116121758737 141.49492671927845 241.6922209695603 185.00112739571588 0 0 0 0 0 0 0
rbc 0.00 0 0 199.80496054114997 160.22773393461105 250.978579481398 216.04396843291997 0 0 0 0 0 0 0
rbc 0.00 0 0 101.8139797068771 214.95152198421644 150.07328072153325 255.1025930101465 0 0 0 0 0 0 0
rbc 0.00 0 0 23.86922209695603 232.7001127395716 55.37542277339345 255.01352874859077 0 0 0 0 0 0 0
