rbc 0.00 0 0 1.1633605600933488 0.0 75.11318553092181 27.54725787631272 0 0 0 0 0 0 0
rbc 0.00 0 0 70.6884480746791 0.0 123.78296382730454 51.621936989498245 0 0 0 0 0 0 0
rbc 0.00 0 0 128.0536756126021 0.0 186.6686114352392 50.51458576429405 0 0 0 0 0 0 0
rbc 0.00 0 0 189.08051341890317 0.0 250.6161026837806 51.93582263710618 0 0 0 0 0 0 0
rbc 0.00 0 0 21.383897316219368 27.68494749124854 74.2497082847141 87.7362893815636 0 0 0 0 0 0 0
rbc 0.00 0 0 0.0 26.94982497082847 16.93465577596266 87.72812135355892 0 0 0 0 0 0 0
rbc 0.00 0 0 0.2182030338389731 87.40256709451575 57.55775962660443 137.85297549591598 0 0 0 0 0 0 0
rbc 0.00 0 0 71.79579929988331 54.396732788798126 121.8389731621937 111.10851808634771 0 0 0 0 0 0 0
rbc 0.00 0 0 123.83780630105016 60.920653442240365 179.0840140023337 119.6056009334889 0 0 0 0 0 0 0
rbc 0.00 0 0 177.01750291715285 48.2438739789965 233.77596266044335 108.62777129521588 0 0 0 0 0 0 0
rbc 0.00 0 0 230.6639439906651 51.27537922987164 256.0 110.17736289381564 0 0 0 0 0 0 0
rbc 0.00 0 0 216.0011668611435 99.55309218203033 256.0 154.926487747958 0 0 0 0 0 0 0
rbc 0.00 0 0 172.24620770128354 126.44224037339556 228.9381563593932 185.5332555425904 0 0 0 0 0 0 0
rbc 0.00 0 0 115.56359393232204 119.36406067677946 171.72462077012835 178.8389731621937 0 0 0 0 0 0 0
rbc 0.00 0 0 63.303383897316216 99.38739789964993 115.4294049008168 156.12252042006995 0 0 0 0 0 0 0
rbc 0.00 0 0 7.5472578763127185 125.60676779463245 62.93465577596266 176.19136522753791 0 0 0 0 0 0 0
rbc 0.00 0 0 22.924154025670944 172.7864644107351 91.27537922987165 224.94982497082844 0 0 0 0 0 0 0
rbc 0.00 0 0 93.4935822637106 173.04550758459743 145.69078179696615 227.45740956826137 0 0 0 0 0 0 0
rbc 0.00 0 0 147.21353558926486 183.05600933488915 213.4515752625437 242.0595099183197 0 0 0 0 0 0 0
rbc 0.00 0 0 220.6172695449241 185.64177362893813 255.61843640606767 246.63593932322053 0 0 0 0 0 0 0
rbc 0.00 0 0 127.73862310385064 239.5519253208868 177.78879813302217 256.0 0 0 0 0 0 0 0
rbc 0.00 0 0 79.69894982497082 227.3278879813302 125.55075845974328 256.0 0 0 0 0 0 0 0
rbc 0.00 0 0 16.292882147024503 217.1131855309218 79.19953325554259 256.0 0 0 0 0 0 0 0
rbc 0.00 0 0 206.904317386231 231.45274212368727 256.0 254.8821470245041 0 0 0 0 0 0 0
