wbc 0.00 0 0 69.30890642615557 73.39797068771138 157.88838782412626 178.12063134160087 0 0 0 0 0 0 0
rbc 0.00 0 0 0.0 5.397970687711386 41.33145434047351 69.77113866967306 0 0 0 0 0 0 0
rbc 0.00 0 0 52.17700112739571 0.0 109.73618940248026 24.006764374295376 0 0 0 0 0 0 0
rbc 0.00 0 0 121.37993235625704 0.0 175.44870349492672 16.280721533258173 0 0 0 0 0 0 0
rbc 0.00 0 0 89.9086809470124 6.320180383314543 154.6978579481398 63.93348365276211 0 0 0 0 0 0 0
rbc 0.00 0 0 26.656144306651637 14.56369785794814 76.82750845546786 70.58173618940248 0 0 0 0 0 0 0
rbc 0.00 0 0 65.81059751972943 31.95941375422773 125.31341600901916 82.59751972942502 0 0 0 0 0 0 0
rbc 0.00 0 0 12.70574971815107 63.35400225479143 71.95490417136415 117.37091319052988 0 0 0 0 0 0 0
rbc 0.00 0 0 209.6606538895152 0.0 256.0 60.73618940248027 0 0 0 0 0 0 0
rbc 0.00 0 0 179.35174746335963 30.7564825253664 232.25366403607663 89.56595264937994 0 0 0 0 0 0 0
rbc 0.00 0 0 147.38669673055242 60.766629086809466 204.56031567080043 124.32581736189402 0 0 0 0 0 0 0
rbc 0.00 0 0 241.34723788049604 68.97745208568207 256.0 117.10484780157836 0 0 0 0 0 0 0
rbc 0.00 0 0 235.10935738444192 123.83089064261556 256.0 177.35851183765502 0 0 0 0 0 0 0
rbc 0.00 0 0 191.3089064261556 98.47688838782412 247.88500563697855 162.03156708004508 0 0 0 0 0 0 0
rbc 0.00 0 0 0.0 110.14092446448704 51.06426155580608 167.7914317925592 0 0 0 0 0 0 0
rbc 0.00 0 0 0.0 143.88387824126266 10.411499436302142 185.0800450958286 0 0 0 0 0 0 0
rbc 0.00 0 0 0.8714768883878241 170.0101465614431 50.80947012401353 214.2694475760992 0 0 0 0 0 0 0
rbc 0.00 0 0 49.219842164599775 147.19954904171362 100.76099210822998 215.42841037204056 0 0 0 0 0 0 0
rbc 0.00 0 0 139.54791431792555 143.55129650507328 195.73280721533257 194.83878241262684 0 0 0 0 0 0 0
rbc 0.00 0 0 213.59864712514093 174.21420518602028 256.0 234.9954904171364 0 0 0 0 0 0 0
rbc 0.00 0 0 0.0 212.37767756482523 18.373167981961668 254.3540022547914 0 0 0 0 0 0 0
rbc 0.00 0 0 6.78466741826381 227.71927846674183 59.04735062006764 256.0 0 0 0 0 0 0 0
rbc 0.00 0 0 62.73393461104848 216.7215332581736 117.78354002254792 256.0 0 0 0 0 0 0 0
rbc 0.00 0 0 101.28974069898534 194.28410372040585 154.10484780157836 251.22322435174743 0 0 0 0 0 0 0
rbc 0.00 0 0 157.2153325817362 201.85343855693347 211.37880496054115 254.34611048478013 0 0 0 0 0 0 0
rbc 0.00 0 0 204.7564825253664 233.3010146561443 249.32919954904173 255.50507328072152 0 0 0 0 0 0 0
