wbc 0.00 0 0 80.74746335963923 115.57046223224351 190.63134160090192 217.77226606538892 0 0 0 0 0 0 0
rbc 0.00 0 0 0.0 8.081172491544532 51.489289740698986 64.40698985343856 0 0 0 0 0 0 0
rbc 0.00 0 0 50.410372040586246 28.164599774520852 115.0563697857948 81.38444193912063 0 0 0 0 0 0 0
rbc 0.00 0 0 87.84441939120632 0.0 135.05524239007892 19.0304396843292 0 0 0 0 0 0 0
rbc 0.00 0 0 126.75986471251407 0.0 185.20293122886133 61.25366403607666 0 0 0 0 0 0 0
rbc 0.00 0 0 183.03607666290867 0.0 253.64937993235625 12.55467869222097 0 0 0 0 0 0 0
rbc 0.00 0 0 196.18602029312288 27.134160090191656 248.15558060879368 82.95941375422774 0 0 0 0 0 0 0
rbc 0.00 0 0 10.135287485907552 64.0890642615558 60.93348365276212 116.79819616685457 0 0 0 0 0 0 0
rbc 0.00 0 0 112.03720405862455 65.27733934611048 170.65050732807214 118.71025930101464 0 0 0 0 0 0 0
rbc 0.00 0 0 154.10484780157836 69.5456595264938 207.5377677564825 121.64937993235624 0 0 0 0 0 0 0
rbc 0.00 0 0 51.4543404735062 87.35738444193912 110.76888387824128 150.70687711386697 0 0 0 0 0 0 0
rbc 0.00 0 0 0.0 124.2401352874859 53.42164599774521 183.021420518602 0 0 0 0 0 0 0
rbc 0.00 0 0 180.0180383314543 117.45546786922208 237.09808342728297 175.98308906426155 0 0 0 0 0 0 0
rbc 0.00 0 0 17.482525366403607 155.76099210822997 73.06426155580608 240.2288613303269 0 0 0 0 0 0 0
rbc 0.00 0 0 71.82638105975197 224.44644870349487 115.55918827508457 256.0 0 0 0 0 0 0 0
rbc 0.00 0 0 94.35400225479142 220.7891770011274 157.0304396843292 256.0 0 0 0 0 0 0 0
rbc 0.00 0 0 162.10484780157836 199.83765501691093 219.9898534385569 254.184892897407 0 0 0 0 0 0 0
rbc 0.00 0 0 0.8782412626832018 172.21195039458848 18.356257046223224 226.20067643742956 0 0 0 0 0 0 0
