wbc 0.00 0 0 83.35625704622322 117.3652762119504 184.3618940248027 218.1431792559188 0 0 0 0 0 0 0
rbc 0.00 0 0 0.0 0.0 48.687711386696726 23.40586245772266 0 0 0 0 0 0 0
rbc 0.00 0 0 55.83652762119504 0.0 112.9368658399098 23.852311161217585 0 0 0 0 0 0 0
rbc 0.00 0 0 0.0 21.467869222096954 26.70574971815107 74.271702367531 0 0 0 0 0 0 0
rbc 0.00 0 0 36.11273957158963 10.611048478015784 90.90417136414882 63.99999999999999 0 0 0 0 0 0 0
rbc 0.00 0 0 93.8128523111612 15.01240135287486 146.67643742953777 71.12965050732807 0 0 0 0 0 0 0
rbc 0.00 0 0 113.65388951521984 8.574971815107101 168.5140924464487 63.38331454340474 0 0 0 0 0 0 0
rbc 0.00 0 0 200.37204058624576 0.0 254.7519729425028 43.378804960541146 0 0 0 0 0 0 0
rbc 0.00 0 0 0.0 88.82863585118376 10.80270574971815 122.89289740698985 0 0 0 0 0 0 0
rbc 0.00 0 0 0.0 108.9966178128523 14.621195039458849 149.36865839909808 0 0 0 0 0 0 0
rbc 0.00 0 0 26.661781285231115 66.17136414881624 84.10822998872604 117.3652762119504 0 0 0 0 0 0 0
rbc 0.00 0 0 49.78466741826381 96.07440811724916 110.67305524239006 143.12626832018037 0 0 0 0 0 0 0
rbc 0.00 0 0 118.0890642615558 66.28974069898534 174.03382187147687 113.32130777903043 0 0 0 0 0 0 0
rbc 0.00 0 0 147.5738444193912 80.32356257046223 195.4114994363021 124.80608793686584 0 0 0 0 0 0 0
rbc 0.00 0 0 164.89515219842164 56.43630214205186 205.07666290868093 101.11499436302142 0 0 0 0 0 0 0
rbc 0.00 0 0 209.47463359639232 47.94024802705749 256.0 107.7237880496054 0 0 0 0 0 0 0
rbc 0.00 0 0 216.79368658399096 79.93010146561443 256.0 126.71927846674184 0 0 0 0 0 0 0
rbc 0.00 0 0 182.5704622322435 109.14430665163472 232.77339346110483 165.53100338218715 0 0 0 0 0 0 0
rbc 0.00 0 0 203.0586245772266 177.88500563697858 253.6335963923337 232.6944757609921 0 0 0 0 0 0 0
rbc 0.00 0 0 186.39909808342728 170.68094701240133 235.130777903044 223.83540022547916 0 0 0 0 0 0 0
rbc 0.00 0 0 32.81059751972943 145.44306651634724 78.67418263810598 195.4261555806088 0 0 0 0 0 0 0
rbc 0.00 0 0 0.0 168.58173618940248 16.161217587373166 214.95152198421647 0 0 0 0 0 0 0
rbc 0.00 0 0 40.20744081172492 181.5186020293123 84.69222096956031 235.0022547914318 0 0 0 0 0 0 0
rbc 0.00 0 0 0.0 221.51521984216456 38.41939120631341 254.36865839909808 0 0 0 0 0 0 0
rbc 0.00 0 0 0.0 209.71476888387824 44.294250281848925 247.0563697857948 0 0 0 0 0 0 0
rbc 0.00 0 0 46.51860202931229 223.2784667418264 103.43630214205186 256.0 0 0 0 0 0 0 0
