wbc 0.00 0 0 94.91882750845546 82.34160090191656 183.46110484780155 170.79481397970687 0 0 0 0 0 0 0
rbc 0.00 0 0 0.0 0.0 45.00563697857948 25.09357384441939 0 0 0 0 0 0 0
rbc 0.00 0 0 32.98872604284104 5.196166854565952 88.09357384441938 57.410372040586246 0 0 0 0 0 0 0
rbc 0.00 0 0 0.0 29.440811724915445 30.15896279594137 84.46786922209695 0 0 0 0 0 0 0
rbc 0.00 0 0 13.694475760992107 25.87260428410372 64.51972942502819 82.79143179255918 0 0 0 0 0 0 0
rbc 0.00 0 0 90.15783540022548 0.0 140.14092446448703 55.576099210823 0 0 0 0 0 0 0
rbc 0.00 0 0 183.89515219842164 0.0 241.26155580608796 22.367531003382187 0 0 0 0 0 0 0
rbc 0.00 0 0 67.65163472378805 45.61330326944758 120.89177001127396 100.52649379932356 0 0 0 0 0 0 0
rbc 0.00 0 0 123.68996617812851 28.41037204058625 176.95490417136415 82.89853438556933 0 0 0 0 0 0 0
rbc 0.00 0 0 187.3618940248027 32.20631341600902 241.4193912063134 87.12965050732807 0 0 0 0 0 0 0
rbc 0.00 0 0 175.44306651634724 58.89627959413754 230.0281848928974 114.53325817361892 0 0 0 0 0 0 0
rbc 0.00 0 0 184.32243517474632 109.04284103720406 238.4768883878241 162.7542277339346 0 0 0 0 0 0 0
rbc 0.00 0 0 202.44193912063133 134.43291995490418 256.0 193.9379932356257 0 0 0 0 0 0 0
rbc 0.00 0 0 243.2998872604284 55.13190529875986 256.0 106.18151071025927 0 0 0 0 0 0 0
rbc 0.00 0 0 26.61217587373168 93.7215332581736 90.00676437429537 155.0901916572717 0 0 0 0 0 0 0
rbc 0.00 0 0 0.0 134.6347237880496 43.03494926719279 191.94701240135288 0 0 0 0 0 0 0
rbc 0.00 0 0 30.16009019165727 151.47576099210823 85.71927846674183 215.17136414881625 0 0 0 0 0 0 0
rbc 0.00 0 0 76.17361894024802 206.32807215332585 134.52762119503944 255.09921082299888 0 0 0 0 0 0 0
rbc 0.00 0 0 103.91995490417136 238.3618940248027 155.97519729425028 256.0 0 0 0 0 0 0 0
rbc 0.00 0 0 159.18376550169108 240.4306651634724 205.6257046223224 256.0 0 0 0 0 0 0 0
rbc 0.00 0 0 193.24689966178127 190.9075535512965 253.53664036076665 245.0248027057497 0 0 0 0 0 0 0
