wbc 0.00 0 0 45.59413754227734 148.17136414881622 146.34723788049604 244.91544532130771 0 0 0 0 0 0 0
rbc 0.00 0 0 8.26042841037204 0.0 61.27733934611048 49.41488162344983 0 0 0 0 0 0 0
rbc 0.00 0 0 30.1826381059752 0.0 84.52536640360766 45.839909808342725 0 0 0 0 0 0 0
rbc 0.00 0 0 84.45885005636978 0.0 151.40360766629087 33.58060879368658 0 0 0 0 0 0 0
rbc 0.00 0 0 121.2119503945885 0.0 175.9030439684329 34.63021420518602 0 0 0 0 0 0 0
rbc 0.00 0 0 186.91995490417136 0.0 241.29199549041712 32.96054114994363 0 0 0 0 0 0 0
rbc 0.00 0 0 199.5738444193912 13.521984216459977 254.8421645997745 66.74408117249155 0 0 0 0 0 0 0
rbc 0.00 0 0 158.28523111612176 28.67192784667418 206.79706877113867 79.75873731679819 0 0 0 0 0 0 0
rbc 0.00 0 0 179.8139797068771 57.73844419391206 237.0687711386697 111.77113866967304 0 0 0 0 0 0 0
rbc 0.00 0 0 189.36865839909808 87.54678692220969 247.86583990980836 141.93010146561443 0 0 0 0 0 0 0
rbc 0.00 0 0 199.40924464487037 113.94588500563697 252.82299887260427 168.25366403607666 0 0 0 0 0 0 0
rbc 0.00 0 0 87.71702367531003 34.27508455467869 141.6324689966178 84.97068771138669 0 0 0 0 0 0 0
rbc 0.00 0 0 106.53776775648252 39.119503945885 157.22209695603158 95.1228861330327 0 0 0 0 0 0 0
rbc 0.00 0 0 2.1567080045095826 42.48139797068771 57.15783540022547 102.36414881623448 0 0 0 0 0 0 0
rbc 0.00 0 0 21.361894024802705 78.52423900789177 78.04284103720406 130.17023675310034 0 0 0 0 0 0 0
rbc 0.00 0 0 60.22660653889515 83.1510710259301 114.73506200676437 137.1803833145434 0 0 0 0 0 0 0
rbc 0.00 0 0 105.50958286358512 103.90304396843293 148.86245772266065 156.9661781285231 0 0 0 0 0 0 0
rbc 0.00 0 0 147.3551296505073 109.97970687711386 194.50281848928967 164.48590755355127 0 0 0 0 0 0 0
rbc 0.00 0 0 0.2818489289740699 108.71138669673054 45.18827508455468 154.55806087936864 0 0 0 0 0 0 0
rbc 0.00 0 0 4.182638105975197 137.04735062006765 44.59188275084554 188.6031567080045 0 0 0 0 0 0 0
rbc 0.00 0 0 0.5749718151071026 161.23562570462232 44.42615558060879 214.0901916572717 0 0 0 0 0 0 0
rbc 0.00 0 0 0.0 210.67756482525365 43.951521984216456 254.9966178128523 0 0 0 0 0 0 0
rbc 0.00 0 0 226.79819616685452 168.77226606538895 256.0 219.52874859075536 0 0 0 0 0 0 0
rbc 0.00 0 0 177.30890642615557 154.16234498308907 224.55467869222096 211.032694475761 0 0 0 0 0 0 0
rbc 0.00 0 0 152.1510710259301 163.6583990980834 196.13190529875985 215.0349492671928 0 0 0 0 0 0 0
rbc 0.00 0 0 153.15783540022548 191.73844419391204 199.36753100338217 247.1138669673055 0 0 0 0 0 0 0
rbc 0.00 0 0 199.10146561443065 227.6910935738444 254.19503945885003 256.0 0 0 0 0 0 0 0
rbc 0.00 0 0 154.217587373168 233.7249154453213 197.41375422773396 255.3438556933484 0 0 0 0 0 0 0
