wbc 0.00 0 0 97.6732788798133 110.96382730455076 211.74912485414237 208.57759626604437 0 0 0 0 0 0 0
rbc 0.00 0 0 0.0 0.0 41.31855309218203 38.9661610268378 0 0 0 0 0 0 0
rbc 0.00 0 0 32.57876312718786 9.78296382730455 94.08634772462077 68.82030338389731 0 0 0 0 0 0 0
rbc 0.00 0 0 98.634772462077 4.22637106184364 162.06417736289382 51.495915985997655 0 0 0 0 0 0 0
rbc 0.00 0 0 151.33138856476077 0.0 178.82497082847138 18.541423570595096 0 0 0 0 0 0 0
rbc 0.00 0 0 179.81563593932322 0.0 227.9906651108518 19.231038506417736 0 0 0 0 0 0 0
rbc 0.00 0 0 230.9428238039673 0.0 256.0 29.983663943990663 0 0 0 0 0 0 0
rbc 0.00 0 0 0.0 37.17852975495916 23.03033838973162 79.40956826137689 0 0 0 0 0 0 0
rbc 0.00 0 0 0.0 68.45974329054842 47.83547257876312 130.1563593932322 0 0 0 0 0 0 0
rbc 0.00 0 0 16.198366394399066 117.7666277712952 68.27071178529755 180.7117852975496 0 0 0 0 0 0 0
rbc 0.00 0 0 0.0 160.35239206534422 36.47491248541423 213.7607934655776 0 0 0 0 0 0 0
rbc 0.00 0 0 0.0 212.4049008168028 20.86697782963827 254.075845974329 0 0 0 0 0 0 0
rbc 0.00 0 0 19.347724620770126 217.17269544924156 80.69428238039673 256.0 0 0 0 0 0 0 0
rbc 0.00 0 0 59.47607934655775 183.46557759626603 114.62660443407232 237.5565927654609 0 0 0 0 0 0 0
rbc 0.00 0 0 51.64294049008168 115.5904317386231 98.83780630105016 179.86814469078178 0 0 0 0 0 0 0
rbc 0.00 0 0 107.8786464410735 43.16452742123687 160.27887981330218 92.20770128354724 0 0 0 0 0 0 0
rbc 0.00 0 0 145.95565927654607 60.73862310385064 200.7432905484247 115.6056009334889 0 0 0 0 0 0 0
rbc 0.00 0 0 199.9544924154025 42.2053675612602 256.0 105.09568261376896 0 0 0 0 0 0 0
rbc 0.00 0 0 183.30921820303385 101.96849474912484 237.1633605600933 159.72462077012835 0 0 0 0 0 0 0
rbc 0.00 0 0 235.27654609101515 123.23687281213536 255.44690781796965 179.04784130688446 0 0 0 0 0 0 0
rbc 0.00 0 0 201.7771295215869 170.12018669778294 251.294049008168 220.45274212368724 0 0 0 0 0 0 0
rbc 0.00 0 0 203.79813302217036 222.1096849474912 255.54492415402564 256.0 0 0 0 0 0 0 0
