wbc 0.00 0 0 25.83878241262683 89.119503945885 134.5095828635851 186.34611048478016 0 0 0 0 0 0 0
rbc 0.00 0 0 0.0 0.153325817361894 15.735062006764371 47.47801578354002 0 0 0 0 0 0 0
rbc 0.00 0 0 18.46335963923337 12.402480270574973 67.03269447576099 54.72040586245772 0 0 0 0 0 0 0
rbc 0.00 0 0 20.61217587373168 0.0 80.95490417136415 41.59075535512965 0 0 0 0 0 0 0
rbc 0.00 0 0 61.61781285231116 33.00676437429538 110.11273957158964 81.41488162344983 0 0 0 0 0 0 0
rbc 0.00 0 0 0.6888387824126267 51.25591882750845 41.95490417136414 115.05524239007892 0 0 0 0 0 0 0
rbc 0.00 0 0 107.58399098083429 6.104847801578353 162.37316798196167 58.08793686583991 0 0 0 0 0 0 0
rbc 0.00 0 0 163.01916572717022 9.26944757609921 210.2435174746336 63.3021420518602 0 0 0 0 0 0 0
rbc 0.00 0 0 181.5772266065389 0.0 227.8748590755355 13.177001127395716 0 0 0 0 0 0 0
rbc 0.00 0 0 212.62683201803836 10.82074408117249 256.0 65.88613303269447 0 0 0 0 0 0 0
rbc 0.00 0 0 181.01803833145436 67.88049605411499 225.3291995490417 122.53100338218714 0 0 0 0 0 0 0
rbc 0.00 0 0 191.59075535512963 58.01916572717023 242.70913190529876 107.47688838782412 0 0 0 0 0 0 0
rbc 0.00 0 0 198.1262683201804 115.21645997745208 250.28635851183765 162.9661781285231 0 0 0 0 0 0 0
rbc 0.00 0 0 149.01916572717022 121.10597519729424 191.60766629086808 165.76324689966177 0 0 0 0 0 0 0
rbc 0.00 0 0 149.34498308906424 140.82976324689966 200.79368658399096 195.20969560315672 0 0 0 0 0 0 0
rbc 0.00 0 0 199.5264937993236 166.2085682074408 243.1048478015784 215.2750845546787 0 0 0 0 0 0 0
rbc 0.00 0 0 246.61894024802703 183.14543404735065 256.0 226.9650507328072 0 0 0 0 0 0 0
rbc 0.00 0 0 221.08004509582864 230.50394588500563 256.0 256.0 0 0 0 0 0 0 0
rbc 0.00 0 0 126.45546786922208 176.84892897406988 182.27733934611047 243.03269447576096 0 0 0 0 0 0 0
rbc 0.00 0 0 164.96279594137542 220.0259301014656 218.7553551296505 256.0 0 0 0 0 0 0 0
rbc 0.00 0 0 91.80608793686584 242.15558060879368 142.16685456595263 256.0 0 0 0 0 0 0 0
rbc 0.00 0 0 0.0 137.44870349492672 35.63246899661781 192.1792559188275 0 0 0 0 0 0 0
rbc 0.00 0 0 3.652762119503946 170.31792559188276 52.08004509582864 211.84103720405864 0 0 0 0 0 0 0
rbc 0.00 0 0 32.20518602029312 189.9289740698985 77.16009019165728 235.3303269447576 0 0 0 0 0 0 0
rbc 0.00 0 0 0.0 236.6042841037204 36.28974069898534 256.0 0 0 0 0 0 0 0
rbc 0.00 0 0 45.13979706877114 223.95377677564824 91.2412626832018 254.79932356257044 0 0 0 0 0 0 0
