wbc 0.00 0 0 80.16234498308906 70.10372040586246 187.0270574971815 178.032694475761 0 0 0 0 0 0 0
rbc 0.00 0 0 0.0 0.0 14.673055242390078 23.580608793686583 0 0 0 0 0 0 0
rbc 0.00 0 0 19.508455467869226 0.0 68.9064261555806 8.046223224351747 0 0 0 0 0 0 0
rbc 0.00 0 0 18.597519729425027 12.967305524239007 73.19165727170237 63.95715896279594 0 0 0 0 0 0 0
rbc 0.00 0 0 4.728297632468997 38.94813979706877 56.590755355129644 86.24689966178128 0 0 0 0 0 0 0
rbc 0.00 0 0 16.30552423900789 55.50281848928974 65.96617812852311 110.45997745208568 0 0 0 0 0 0 0
rbc 0.00 0 0 66.91995490417136 33.94813979706877 117.29650507328073 77.53100338218715 0 0 0 0 0 0 0
rbc 0.00 0 0 88.43968432919955 29.13303269447576 141.3945885005637 65.41826381059752 0 0 0 0 0 0 0
rbc 0.00 0 0 144.79030439684328 0.0 201.608793686584 45.88162344983089 0 0 0 0 0 0 0
rbc 0.00 0 0 198.5524239007892 0.0 234.56482525366405 16.100338218714768 0 0 0 0 0 0 0
rbc 0.00 0 0 230.7542277339346 0.4735062006764374 255.6989853438557 58.30890642615558 0 0 0 0 0 0 0
rbc 0.00 0 0 162.34611048478016 46.75986471251409 210.81848928974068 92.80721533258172 0 0 0 0 0 0 0
rbc 0.00 0 0 194.1183765501691 29.464487034949265 244.9932356257046 90.17474633596392 0 0 0 0 0 0 0
rbc 0.00 0 0 190.9098083427283 75.20293122886133 235.07102593010143 124.0608793686584 0 0 0 0 0 0 0
rbc 0.00 0 0 214.45997745208567 65.96279594137542 255.51521984216456 122.84216459977452 0 0 0 0 0 0 0
rbc 0.00 0 0 36.46899661781285 107.04509582863584 80.60766629086808 165.46335963923335 0 0 0 0 0 0 0
rbc 0.00 0 0 51.01352874859075 154.0574971815107 103.5997745208568 207.3810597519729 0 0 0 0 0 0 0
rbc 0.00 0 0 10.53664036076663 169.55016910935737 64.09470124013528 220.021420518602 0 0 0 0 0 0 0
rbc 0.00 0 0 0.0 178.56144306651635 37.588500563697856 234.80496054114997 0 0 0 0 0 0 0
rbc 0.00 0 0 14.228861330326945 225.59864712514093 73.62006764374296 256.0 0 0 0 0 0 0 0
rbc 0.00 0 0 36.062006764374296 215.6696730552424 89.31003382187149 256.0 0 0 0 0 0 0 0
rbc 0.00 0 0 85.83765501691093 192.1781285231116 136.43066516347238 249.85794813979703 0 0 0 0 0 0 0
rbc 0.00 0 0 117.37880496054116 230.1567080045096 167.98534385569334 256.0 0 0 0 0 0 0 0
rbc 0.00 0 0 174.6031567080045 239.3821871476888 222.58173618940248 256.0 0 0 0 0 0 0 0
