wbc 0.00 0 0 79.89966178128523 88.89515219842164 151.91882750845548 178.51972942502815 0 0 0 0 0 0 0
rbc 0.00 0 0 0.0 0.0 48.71702367531003 23.41713641488162 0 0 0 0 0 0 0
rbc 0.00 0 0 0.0 20.804960541149946 29.29988726042841 74.8782412626832 0 0 0 0 0 0 0
rbc 0.00 0 0 0.0 64.43855693348365 39.98083427282976 120.5445321307779 0 0 0 0 0 0 0
rbc 0.00 0 0 0.0 106.39007891770012 30.67756482525366 161.9943630214205 0 0 0 0 0 0 0
rbc 0.00 0 0 0.0 156.23337091319053 12.865839909808342 198.98421645997743 0 0 0 0 0 0 0
rbc 0.00 0 0 0.0 231.5388951521984 26.75986471251409 256.0 0 0 0 0 0 0 0
rbc 0.00 0 0 4.333709131905299 178.37091319052988 56.47350620067644 237.6324689966178 0 0 0 0 0 0 0
rbc 0.00 0 0 35.252536640360766 65.61104847801577 84.83878241262683 122.94813979706876 0 0 0 0 0 0 0
rbc 0.00 0 0 51.66290868094701 0.0 106.15783540022548 14.342728297632467 0 0 0 0 0 0 0
rbc 0.00 0 0 76.25253664036076 0.0 136.13303269447576 44.86245772266065 0 0 0 0 0 0 0
rbc 0.00 0 0 60.16685456595265 31.298759864712512 117.37316798196169 86.28861330326944 0 0 0 0 0 0 0
rbc 0.00 0 0 136.92671927846675 0.0 182.6989853438557 9.489289740698984 0 0 0 0 0 0 0
rbc 0.00 0 0 231.32356257046223 8.032694475760993 256.0 68.11273957158963 0 0 0 0 0 0 0
rbc 0.00 0 0 198.6933483652762 0.0 241.20631341600895 73.26606538895152 0 0 0 0 0 0 0
rbc 0.00 0 0 153.1228861330327 16.607666290868092 211.70687711386697 91.17925591882752 0 0 0 0 0 0 0
rbc 0.00 0 0 109.45885005636978 63.51747463359639 166.54791431792555 125.6279594137542 0 0 0 0 0 0 0
rbc 0.00 0 0 162.67869222096957 77.01578354002254 218.847801578354 134.95603156708003 0 0 0 0 0 0 0
rbc 0.00 0 0 243.62457722660653 119.152198421646 256.0 163.2108229988726 0 0 0 0 0 0 0
rbc 0.00 0 0 172.06200676437427 123.79481397970687 246.543404735062 177.6065388951522 0 0 0 0 0 0 0
rbc 0.00 0 0 193.9661781285231 168.3077790304397 252.5704622322435 214.7294250281849 0 0 0 0 0 0 0
rbc 0.00 0 0 232.9289740698985 205.5693348365276 256.0 255.6257046223224 0 0 0 0 0 0 0
rbc 0.00 0 0 173.95377677564824 208.00338218714768 230.23900789177 255.7034949267193 0 0 0 0 0 0 0
rbc 0.00 0 0 116.35287485907553 185.5422773393461 179.48590755355127 238.45772266065387 0 0 0 0 0 0 0
rbc 0.00 0 0 91.27846674182638 229.43291995490412 148.847801578354 256.0 0 0 0 0 0 0 0
rbc 0.00 0 0 28.658399098083425 214.0349492671928 89.81059751972943 256.0 0 0 0 0 0 0 0
rbc 0.00 0 0 58.17700112739571 172.36753100338217 121.2435174746336 225.9695603156708 0 0 0 0 0 0 0
