wbc 0.00 0 0 128.78879813302217 135.18903150525085 211.8098016336056 219.91248541423568 0 0 0 0 0 0 0
rbc 0.00 0 0 0.9264877479579928 0.0 65.46907817969661 29.67094515752625 0 0 0 0 0 0 0
rbc 0.00 0 0 53.066511085180856 0.0 107.89148191365226 31.746791131855307 0 0 0 0 0 0 0
rbc 0.00 0 0 152.60326721120185 0.0 213.5169194865811 34.78413068844807 0 0 0 0 0 0 0
rbc 0.00 0 0 98.96032672112018 1.3932322053675612 164.73628938156358 69.53558926487749 0 0 0 0 0 0 0
rbc 0.00 0 0 38.87864644107351 33.70011668611435 107.12252042007 92.55775962660442 0 0 0 0 0 0 0
rbc 0.00 0 0 0.0 25.789964994165693 36.48891481913652 90.13535589264876 0 0 0 0 0 0 0
rbc 0.00 0 0 4.534422403733955 83.56476079346557 58.66627771295215 128.66627771295214 0 0 0 0 0 0 0
rbc 0.00 0 0 0.0 118.7467911318553 26.45040840140023 179.2392065344224 0 0 0 0 0 0 0
rbc 0.00 0 0 28.222870478413068 100.8634772462077 85.90898483080512 167.48658109684948 0 0 0 0 0 0 0
rbc 0.00 0 0 77.42357059509918 80.45274212368727 131.94632438739788 143.15519253208868 0 0 0 0 0 0 0
rbc 0.00 0 0 140.33138856476077 58.24504084014002 202.2800466744457 117.58343057176197 0 0 0 0 0 0 0
rbc 0.00 0 0 205.3372228704784 3.9019836639439904 256.0 55.48891481913652 0 0 0 0 0 0 0
rbc 0.00 0 0 205.2835472578763 56.45857642940489 256.0 111.99766627771294 0 0 0 0 0 0 0
rbc 0.00 0 0 210.2497082847141 110.23220536756124 254.03733955659277 164.9369894982497 0 0 0 0 0 0 0
rbc 0.00 0 0 184.60443407234536 104.68611435239204 232.37806301050173 169.5320886814469 0 0 0 0 0 0 0
rbc 0.00 0 0 118.16919486581097 99.04200700116684 179.37689614935823 154.89031505250875 0 0 0 0 0 0 0
rbc 0.00 0 0 2.3990665110851808 162.28121353558925 60.61260210035005 218.3290548424737 0 0 0 0 0 0 0
rbc 0.00 0 0 62.96499416569428 161.60443407234538 125.96032672112015 224.73278879813304 0 0 0 0 0 0 0
rbc 0.00 0 0 24.26721120186697 199.6931155192532 79.66044340723452 254.59859976662773 0 0 0 0 0 0 0
rbc 0.00 0 0 0.0 184.80746791131853 20.90548424737456 241.51691948658103 0 0 0 0 0 0 0
rbc 0.00 0 0 90.6639439906651 201.0455075845974 148.25670945157526 255.4562427071178 0 0 0 0 0 0 0
rbc 0.00 0 0 201.6254375729288 186.9124854142357 255.3955659276546 244.95449241540257 0 0 0 0 0 0 0
