wbc 0.00 0 0 41.67305524239008 119.43404735062006 145.82299887260427 222.1567080045096 0 0 0 0 0 0 0
rbc 0.00 0 0 8.024802705749718 0.0 65.13754227733935 35.70349492671928 0 0 0 0 0 0 0
rbc 0.00 0 0 61.200676437429536 0.0 119.391206313416 55.15558060879368 0 0 0 0 0 0 0
rbc 0.00 0 0 103.18376550169108 0.0 168.21533258173616 27.240135287485906 0 0 0 0 0 0 0
rbc 0.00 0 0 150.28861330326944 0.0 205.59188275084557 56.904171364148816 0 0 0 0 0 0 0
rbc 0.00 0 0 0.0 42.61668545659526 30.36640360766629 98.8737316798196 0 0 0 0 0 0 0
rbc 0.00 0 0 9.733934611048475 79.82750845546786 64.31905298759865 134.22322435174746 0 0 0 0 0 0 0
rbc 0.00 0 0 63.09244644870349 59.01127395715896 130.47576099210823 111.12852311161215 0 0 0 0 0 0 0
rbc 0.00 0 0 138.5073280721533 31.508455467869226 194.82074408117248 80.19842164599774 0 0 0 0 0 0 0
rbc 0.00 0 0 198.2942502818489 39.08793686583991 250.68320180383316 100.97857948139796 0 0 0 0 0 0 0
rbc 0.00 0 0 230.58399098083427 37.97181510710259 256.0 92.19729425028186 0 0 0 0 0 0 0
rbc 0.00 0 0 126.37655016910936 81.28748590755355 193.9988726042841 129.11273957158963 0 0 0 0 0 0 0
rbc 0.00 0 0 168.56595264937994 113.88951521984217 216.7914317925592 167.04735062006762 0 0 0 0 0 0 0
rbc 0.00 0 0 194.58624577226607 107.19616685456594 238.0067643742954 162.9425028184893 0 0 0 0 0 0 0
rbc 0.00 0 0 241.19052987598647 99.05524239007892 256.0 147.52762119503944 0 0 0 0 0 0 0
rbc 0.00 0 0 241.9357384441939 135.79368658399096 256.0 170.82187147688836 0 0 0 0 0 0 0
rbc 0.00 0 0 0.0 133.70687711386697 30.64937993235625 181.4340473506201 0 0 0 0 0 0 0
rbc 0.00 0 0 0.0 162.98872604284102 32.970687711386695 205.92333709131904 0 0 0 0 0 0 0
rbc 0.00 0 0 2.837655016910936 202.445321307779 69.75986471251409 254.5411499436302 0 0 0 0 0 0 0
rbc 0.00 0 0 73.09357384441938 221.4870349492672 123.91657271702366 254.14543404735065 0 0 0 0 0 0 0
rbc 0.00 0 0 103.28523111612176 211.6674182638106 155.88387824126266 244.8432919954904 0 0 0 0 0 0 0
rbc 0.00 0 0 151.9988726042841 170.02705749718152 209.9954904171364 213.0315670800451 0 0 0 0 0 0 0
rbc 0.00 0 0 144.39909808342728 201.0721533258173 195.82299887260427 248.83652762119505 0 0 0 0 0 0 0
rbc 0.00 0 0 195.74408117249155 195.7294250281849 254.630214205186 253.500563697858 0 0 0 0 0 0 0
