rbc 0.00 0 0 42.10151691948658 0.0 100.27304550758458 17.325554259043173 0 0 0 0 0 0 0
rbc 0.00 0 0 6.16686114352392 7.290548424737455 60.87631271878646 66.2147024504084 0 0 0 0 0 0 0
rbc 0.00 0 0 0.0 49.27654609101516 35.949824970828466 103.67561260210032 0 0 0 0 0 0 0
rbc 0.00 0 0 35.009334889148185 26.555425904317385 85.96499416569426 75.86581096849474 0 0 0 0 0 0 0
rbc 0.00 0 0 12.49708284714119 77.12252042007 62.98599766627771 131.23103850641772 0 0 0 0 0 0 0
rbc 0.00 0 0 151.72112018669776 16.07234539089848 201.97432905484249 59.74329054842472 0 0 0 0 0 0 0
rbc 0.00 0 0 192.9381563593932 1.1773628938156355 241.27071178529752 56.82497082847141 0 0 0 0 0 0 0
rbc 0.00 0 0 199.61493582263708 74.66511085180863 243.63360560093344 126.2240373395566 0 0 0 0 0 0 0
rbc 0.00 0 0 31.76896149358226 129.27071178529755 81.81680280046675 183.02683780630105 0 0 0 0 0 0 0
rbc 0.00 0 0 19.603267211201864 151.13302217036173 73.79113185530922 211.72928821470245 0 0 0 0 0 0 0
rbc 0.00 0 0 0.0 179.61960326721118 21.919486581096848 233.11201866977825 0 0 0 0 0 0 0
rbc 0.00 0 0 88.98716452742123 155.05600933488913 138.0 203.1423570595099 0 0 0 0 0 0 0
rbc 0.00 0 0 152.5029171528588 125.49241540256708 209.29171528588097 176.31038506417735 0 0 0 0 0 0 0
rbc 0.00 0 0 200.91948658109683 145.8541423570595 254.5950991831972 201.7724620770128 0 0 0 0 0 0 0
rbc 0.00 0 0 168.8401400233372 175.03850641773627 224.65810968494748 228.4737456242707 0 0 0 0 0 0 0
rbc 0.00 0 0 84.03617269544924 201.5005834305717 150.33838973162193 250.098016336056 0 0 0 0 0 0 0
rbc 0.00 0 0 65.94282380396733 226.06651108518085 125.01633605600932 256.0 0 0 0 0 0 0 0
rbc 0.00 0 0 126.46557759626604 237.11201866977828 176.8751458576429 256.0 0 0 0 0 0 0 0
rbc 0.00 0 0 196.31155192532088 230.1236872812135 250.9824970828471 256.0 0 0 0 0 0 0 0
rbc 0.00 0 0 236.8214702450408 193.03733955659277 255.80863477246209 251.63710618436403 0 0 0 0 0 0 0
wbc 0.00 0 0 60.4107351225204 50.18436406067678 162.20303383897314 152.04667444574093 0 0 0 0 0 0 0
