rbc 0.00 0 0 0.0 0.0 44.949005126953125 31.924095153808597 0 0 0 0 0 0 0
rbc 0.00 0 0 57.49240112304688 0.0 107.59413146972656 26.052513122558597 0 0 0 0 0 0 0
rbc 0.00 0 0 83.62223815917969 0.0 142.40992736816406 31.039764404296875 0 0 0 0 0 0 0
rbc 0.00 0 0 27.756088256835938 18.09624481201172 79.65766906738281 70.36811065673828 0 0 0 0 0 0 0
rbc 0.00 0 0 51.53266906738281 42.18207550048828 113.9214324951172 84.03455352783203 0 0 0 0 0 0 0
rbc 0.00 0 0 7.3188018798828125 72.5816421508789 44.7509765625 117.87923431396484 0 0 0 0 0 0 0
rbc 0.00 0 0 0.0 97.51654815673828 31.94580078125 145.17144012451172 0 0 0 0 0 0 0
rbc 0.00 0 0 160.84934997558594 3.964569091796875 210.9537811279297 52.73844146728516 0 0 0 0 0 0 0
rbc 0.00 0 0 183.1719207763672 0.0 227.6055145263672 46.56304168701172 0 0 0 0 0 0 0
rbc 0.00 0 0 239.5561981201172 0.0 255.0713348388672 41.42252349853516 0 0 0 0 0 0 0
rbc 0.00 0 0 228.9577789306641 4.191078186035156 256.0 58.983009338378906 0 0 0 0 0 0 0
rbc 0.00 0 0 193.28343200683597 54.60205078125 240.8080902099609 108.4336929321289 0 0 0 0 0 0 0
rbc 0.00 0 0 205.5229949951172 81.16048431396484 249.5415496826172 136.55463409423828 0 0 0 0 0 0 0
rbc 0.00 0 0 177.97715759277344 133.64392852783203 235.12913513183597 198.5025863647461 0 0 0 0 0 0 0
rbc 0.00 0 0 234.36415100097656 140.81488800048828 255.8715667724609 201.1054000854492 0 0 0 0 0 0 0
rbc 0.00 0 0 16.798233032226562 161.84488677978516 67.95382690429688 208.1976852416992 0 0 0 0 0 0 0
rbc 0.00 0 0 0.0 199.9430160522461 35.786956787109375 251.06063079833984 0 0 0 0 0 0 0
rbc 0.00 0 0 38.48335266113281 188.42366790771484 93.408203125 234.1132125854492 0 0 0 0 0 0 0
rbc 0.00 0 0 38.59049987792969 217.833122253418 89.99566650390625 255.00621795654297 0 0 0 0 0 0 0
rbc 0.00 0 0 146.99842834472656 244.72383880615237 191.69651794433597 256.0 0 0 0 0 0 0 0
rbc 0.00 0 0 225.83143615722656 218.84493255615237 256.0 256.0 0 0 0 0 0 0 0
rbc 0.00 0 0 201.1650848388672 234.153923034668 237.43626403808597 256.0 0 0 0 0 0 0 0
rbc 0.00 0 0 91.19873046875 246.32567596435547 133.4025115966797 256.0 0 0 0 0 0 0 0
wbc 0.00 0 0 91.19873046875 246.32567596435547 133.4025115966797 256.0 0 0 0 0 0 0 0
wbc 0.00 0 0 76.05252075195312 107.7785873413086 177.63941955566406 191.49303436279297 0 0 0 0 0 0 0
