wbc 0.00 0 0 90.45546786922208 72.44532130777903 187.1138669673055 179.36865839909808 0 0 0 0 0 0 0
rbc 0.00 0 0 0.0 0.0 37.18827508455468 19.10259301014656 0 0 0 0 0 0 0
rbc 0.00 0 0 74.58286358511837 0.0 122.14543404735062 22.44306651634724 0 0 0 0 0 0 0
rbc 0.00 0 0 191.2074408117249 0.0 250.6054114994363 49.90191657271702 0 0 0 0 0 0 0
rbc 0.00 0 0 0.0 45.11837655016911 33.85569334836527 99.0011273957159 0 0 0 0 0 0 0
rbc 0.00 0 0 32.99210822998872 28.101465614430666 86.53325817361893 74.7891770011274 0 0 0 0 0 0 0
rbc 0.00 0 0 133.34723788049604 0.0 178.4847801578354 10.059751972942502 0 0 0 0 0 0 0
rbc 0.00 0 0 121.53776775648252 10.9391206313416 170.29537767756483 57.11048478015783 0 0 0 0 0 0 0
rbc 0.00 0 0 143.55806087936864 15.131905298759865 190.00225479143177 68.31792559188276 0 0 0 0 0 0 0
rbc 0.00 0 0 241.9481397970688 20.422773393461103 256.0 64.82750845546786 0 0 0 0 0 0 0
rbc 0.00 0 0 191.04058624577223 98.576099210823 254.13866967305523 157.58286358511836 0 0 0 0 0 0 0
rbc 0.00 0 0 231.1251409244645 163.6392333709132 256.0 232.36640360766629 0 0 0 0 0 0 0
rbc 0.00 0 0 18.50281848928974 56.291995490417136 73.75197294250282 112.26606538895152 0 0 0 0 0 0 0
rbc 0.00 0 0 0.0 103.37993235625704 35.28748590755355 162.85682074408118 0 0 0 0 0 0 0
rbc 0.00 0 0 29.95715896279594 126.46561443066516 89.7237880496054 181.92108229988725 0 0 0 0 0 0 0
rbc 0.00 0 0 0.0 162.07666290868093 21.53551296505073 211.901916572717 0 0 0 0 0 0 0
rbc 0.00 0 0 12.232243517474632 191.86471251409245 63.13979706877113 243.16685456595263 0 0 0 0 0 0 0
rbc 0.00 0 0 37.23675310033822 206.69785794813976 89.8771138669673 250.2547914317925 0 0 0 0 0 0 0
rbc 0.00 0 0 0.0 245.2108229988726 33.53551296505073 256.0 0 0 0 0 0 0 0
rbc 0.00 0 0 95.16459977452084 192.77113866967304 153.96054114994362 238.5963923337091 0 0 0 0 0 0 0
rbc 0.00 0 0 79.6369785794814 238.92671927846672 146.25479143179257 254.3810597519729 0 0 0 0 0 0 0
rbc 0.00 0 0 149.8432919954904 207.7350620067644 207.913190529876 256.0 0 0 0 0 0 0 0
rbc 0.00 0 0 210.5693348365276 230.22322435174743 256.0 256.0 0 0 0 0 0 0 0
