wbc 0.00 0 0 60.62344983089064 83.23449830890642 127.23111612175872 148.8455467869222 0 0 0 0 0 0 0
rbc 0.00 0 0 0.0 0.0 30.4836527621195 45.215332581736185 0 0 0 0 0 0 0
rbc 0.00 0 0 29.170236753100337 9.677564825253665 82.16121758737316 62.93573844419391 0 0 0 0 0 0 0
rbc 0.00 0 0 169.70349492671926 0.0 232.8421645997745 18.62683201803833 0 0 0 0 0 0 0
rbc 0.00 0 0 214.52423900789177 9.98759864712514 256.0 70.03269447576099 0 0 0 0 0 0 0
rbc 0.00 0 0 181.2480270574972 21.010146561443065 231.89064261555805 76.62119503945885 0 0 0 0 0 0 0
rbc 0.00 0 0 157.4543404735062 32.655016910935736 208.7835400225479 87.9368658399098 0 0 0 0 0 0 0
rbc 0.00 0 0 120.76550169109356 64.13190529875986 177.25591882750842 118.7531003382187 0 0 0 0 0 0 0
rbc 0.00 0 0 36.48816234498309 46.32130777903044 87.2750845546787 81.37316798196167 0 0 0 0 0 0 0
rbc 0.00 0 0 5.425028184892897 78.37316798196167 57.25140924464487 136.9425028184893 0 0 0 0 0 0 0
rbc 0.00 0 0 0.0 102.13528748590755 13.80270574971815 150.12852311161217 0 0 0 0 0 0 0
rbc 0.00 0 0 0.0 153.06426155580607 31.05862457722661 199.304396843292 0 0 0 0 0 0 0
rbc 0.00 0 0 0.0 213.95490417136412 33.19616685456595 256.0 0 0 0 0 0 0 0
rbc 0.00 0 0 21.818489289740697 176.10597519729424 77.26606538895152 230.184892897407 0 0 0 0 0 0 0
rbc 0.00 0 0 44.47914317925592 218.369785794814 96.73167981961667 253.55580608793684 0 0 0 0 0 0 0
rbc 0.00 0 0 97.65727170236752 240.18376550169108 139.89402480270576 256.0 0 0 0 0 0 0 0
rbc 0.00 0 0 113.01352874859074 189.88162344983087 164.02029312288613 244.95264937993232 0 0 0 0 0 0 0
rbc 0.00 0 0 135.57948139797068 200.28072153325817 184.0349492671928 250.96279594137545 0 0 0 0 0 0 0
rbc 0.00 0 0 107.423900789177 131.9988726042841 161.04284103720406 186.40586245772263 0 0 0 0 0 0 0
rbc 0.00 0 0 164.30890642615557 164.63810597519728 215.9943630214205 214.59075535512963 0 0 0 0 0 0 0
rbc 0.00 0 0 154.51972942502815 110.18151071025927 208.29537767756483 162.82187147688836 0 0 0 0 0 0 0
rbc 0.00 0 0 186.73280721533257 77.58511837655017 242.88951521984217 131.2153325817362 0 0 0 0 0 0 0
rbc 0.00 0 0 237.5682074408117 83.9368658399098 255.52198421645997 130.52987598647124 0 0 0 0 0 0 0
rbc 0.00 0 0 218.7891770011274 133.94475760992108 256.0 186.02142051860204 0 0 0 0 0 0 0
rbc 0.00 0 0 218.37767756482523 165.67305524239006 256.0 213.43291995490412 0 0 0 0 0 0 0
rbc 0.00 0 0 235.5400225479143 216.4678692220969 256.0 256.0 0 0 0 0 0 0 0
rbc 0.00 0 0 212.8793686583991 220.0157835400225 254.12852311161217 253.54114994363024 0 0 0 0 0 0 0
