wbc 0.00 0 0 78.67080045095828 163.6031567080045 174.39007891770012 243.81961668545657 0 0 0 0 0 0 0
rbc 0.00 0 0 104.6031567080045 0.0 150.0281848928974 12.896279594137544 0 0 0 0 0 0 0
rbc 0.00 0 0 28.977452085682074 0.0 73.10484780157836 11.279594137542276 0 0 0 0 0 0 0
rbc 0.00 0 0 73.24464487034949 0.0 135.53213077790303 38.31116121758737 0 0 0 0 0 0 0
rbc 0.00 0 0 178.2322435174746 0.0 231.1104847801578 27.91544532130778 0 0 0 0 0 0 0
rbc 0.00 0 0 234.31003382187143 0.0 256.0 35.17812852311161 0 0 0 0 0 0 0
rbc 0.00 0 0 216.37204058624576 15.18489289740699 255.26832018038328 67.57271702367531 0 0 0 0 0 0 0
rbc 0.00 0 0 140.0236753100338 12.120631341600902 194.5174746335964 67.32919954904172 0 0 0 0 0 0 0
rbc 0.00 0 0 9.567080045095828 11.645997745208568 63.208568207440806 69.9718151071026 0 0 0 0 0 0 0
rbc 0.00 0 0 40.71927846674183 33.07102593010146 102.32468996617813 89.83427282976325 0 0 0 0 0 0 0
rbc 0.00 0 0 111.67305524239008 61.6042841037204 168.76775648252536 108.3325817361894 0 0 0 0 0 0 0
rbc 0.00 0 0 178.5467869222097 61.70011273957159 230.847801578354 107.62457722660652 0 0 0 0 0 0 0
rbc 0.00 0 0 172.50507328072152 88.91544532130777 225.7835400225479 136.22886133032694 0 0 0 0 0 0 0
rbc 0.00 0 0 0.0 77.14205186020293 59.142051860202926 131.3652762119504 0 0 0 0 0 0 0
rbc 0.00 0 0 21.4543404735062 114.09357384441938 67.75648252536641 158.3923337091319 0 0 0 0 0 0 0
rbc 0.00 0 0 65.61104847801577 88.61668545659526 116.26268320180382 137.815107102593 0 0 0 0 0 0 0
rbc 0.00 0 0 102.1228861330327 107.9075535512965 148.29312288613303 146.0620067643743 0 0 0 0 0 0 0
rbc 0.00 0 0 200.44419391206316 138.90417136414882 256.0 188.9391206313416 0 0 0 0 0 0 0
rbc 0.00 0 0 174.23788049605412 158.12175873731678 230.04735062006765 202.9616685456595 0 0 0 0 0 0 0
rbc 0.00 0 0 223.79030439684328 192.98872604284105 256.0 238.53438556933483 0 0 0 0 0 0 0
rbc 0.00 0 0 37.95941375422773 159.15783540022548 75.50620067643743 205.6944757609921 0 0 0 0 0 0 0
rbc 0.00 0 0 0.0 161.82750845546786 37.87485907553551 217.68320180383316 0 0 0 0 0 0 0
rbc 0.00 0 0 27.02593010146561 210.0924464487035 78.09470124013528 255.95264937993235 0 0 0 0 0 0 0
rbc 0.00 0 0 0.0 222.0045095828636 17.807215332581734 255.16234498308904 0 0 0 0 0 0 0
