wbc 0.00 0 0 75.10372040586246 122.271702367531 169.0924464487035 222.28974069898533 0 0 0 0 0 0 0
rbc 0.00 0 0 0.0 41.10033821871477 22.1510710259301 92.8218714768884 0 0 0 0 0 0 0
rbc 0.00 0 0 6.104847801578353 15.192784667418264 57.65727170236752 69.86809470124012 0 0 0 0 0 0 0
rbc 0.00 0 0 60.39007891770011 0.0 118.53213077790303 28.87598647125141 0 0 0 0 0 0 0
rbc 0.00 0 0 116.63810597519728 2.2401352874859075 174.80270574971814 58.99323562570462 0 0 0 0 0 0 0
rbc 0.00 0 0 156.0259301014656 51.51747463359639 203.9481397970688 106.4802705749718 0 0 0 0 0 0 0
rbc 0.00 0 0 68.06764374295378 46.03269447576099 124.04622322435172 97.54114994363022 0 0 0 0 0 0 0
rbc 0.00 0 0 28.665163472378804 71.5456595264938 86.27508455467868 131.42728297632468 0 0 0 0 0 0 0
rbc 0.00 0 0 11.740698985343856 91.36865839909808 61.674182638105975 162.293122886133 0 0 0 0 0 0 0
rbc 0.00 0 0 0.0 167.81397970687712 22.580608793686583 226.44306651634724 0 0 0 0 0 0 0
rbc 0.00 0 0 23.817361894024803 198.3246899661781 77.50845546786923 248.31341600901916 0 0 0 0 0 0 0
rbc 0.00 0 0 235.44870349492672 76.95490417136415 256.0 129.39007891770012 0 0 0 0 0 0 0
rbc 0.00 0 0 231.13190529875985 118.0901916572717 256.0 167.83427282976325 0 0 0 0 0 0 0
rbc 0.00 0 0 221.73393461104845 172.85907553551294 256.0 222.64487034949263 0 0 0 0 0 0 0
rbc 0.00 0 0 232.24915445321307 226.1770011273957 256.0 256.0 0 0 0 0 0 0 0
rbc 0.00 0 0 156.71589627959412 208.8421645997745 212.22435174746332 245.7891770011274 0 0 0 0 0 0 0
