wbc 0.00 0 0 167.4881623449831 139.5118376550169 255.3957158962796 228.88387824126264 0 0 0 0 0 0 0
rbc 0.00 0 0 0.0 4.490417136414881 18.354002254791432 51.63134160090192 0 0 0 0 0 0 0
rbc 0.00 0 0 0.0 27.36865839909808 43.15332581736189 86.49830890642616 0 0 0 0 0 0 0
rbc 0.00 0 0 33.417136414881625 0.4408117249154453 81.89289740698985 49.60428410372041 0 0 0 0 0 0 0
rbc 0.00 0 0 97.54114994363022 0.0 152.2773393461105 26.598647125140925 0 0 0 0 0 0 0
rbc 0.00 0 0 88.510710259301 6.254791431792559 146.19165727170235 58.40811724915445 0 0 0 0 0 0 0
rbc 0.00 0 0 157.61555806087935 0.0 211.217587373168 47.17700112739571 0 0 0 0 0 0 0
rbc 0.00 0 0 187.9616685456595 0.0 242.5524239007892 40.15332581736189 0 0 0 0 0 0 0
rbc 0.00 0 0 212.50169109357384 29.985343855693348 256.0 83.6335963923337 0 0 0 0 0 0 0
rbc 0.00 0 0 71.2998872604284 43.29312288613304 132.68883878241263 100.85794813979706 0 0 0 0 0 0 0
rbc 0.00 0 0 97.63134160090192 59.85456595264938 158.52649379932356 109.94926719278467 0 0 0 0 0 0 0
rbc 0.00 0 0 134.37655016910935 43.134160090191656 194.28184892897409 99.9954904171364 0 0 0 0 0 0 0
rbc 0.00 0 0 213.1172491544532 90.77339346110485 256.0 140.0259301014656 0 0 0 0 0 0 0
rbc 0.00 0 0 114.34385569334836 114.11273957158964 167.27846674182638 157.9391206313416 0 0 0 0 0 0 0
rbc 0.00 0 0 141.4847801578354 104.728297632469 190.1815107102593 150.91657271702366 0 0 0 0 0 0 0
rbc 0.00 0 0 0.0 123.46899661781283 38.23900789177001 176.64599774520855 0 0 0 0 0 0 0
rbc 0.00 0 0 39.10597519729425 109.78128523111612 88.75422773393461 160.2649379932356 0 0 0 0 0 0 0
rbc 0.00 0 0 68.34385569334836 111.12739571589628 112.83652762119505 163.52311161217585 0 0 0 0 0 0 0
rbc 0.00 0 0 6.375422773393461 153.50281848928972 56.54114994363021 206.4430665163472 0 0 0 0 0 0 0
rbc 0.00 0 0 45.27959413754228 162.92897406989852 81.23900789177 212.2638105975197 0 0 0 0 0 0 0
rbc 0.00 0 0 16.3325817361894 213.6031567080045 74.79706877113867 256.0 0 0 0 0 0 0 0
rbc 0.00 0 0 71.20067643742954 214.2694475760992 120.83652762119505 256.0 0 0 0 0 0 0 0
rbc 0.00 0 0 128.95152198421644 209.7564825253664 179.79481397970687 256.0 0 0 0 0 0 0 0
