wbc 0.00 0 0 113.4205186020293 117.76099210822998 199.6674182638106 228.40698985343852 0 0 0 0 0 0 0
rbc 0.00 0 0 0.0 2.3010146561443063 51.97519729425028 53.85794813979707 0 0 0 0 0 0 0
rbc 0.00 0 0 31.57158962795941 0.0 82.79030439684328 34.40248027057497 0 0 0 0 0 0 0
rbc 0.00 0 0 114.73957158962796 0.0 157.20518602029313 10.467869222096956 0 0 0 0 0 0 0
rbc 0.00 0 0 80.89853438556933 8.09695603156708 136.64487034949266 68.40135287485907 0 0 0 0 0 0 0
rbc 0.00 0 0 44.62457722660654 31.050732807215333 97.28748590755356 86.58060879368658 0 0 0 0 0 0 0
rbc 0.00 0 0 0.0 67.31454340473506 45.88275084554679 125.6944757609921 0 0 0 0 0 0 0
rbc 0.00 0 0 208.1758737316798 0.0 256.0 38.15445321307779 0 0 0 0 0 0 0
rbc 0.00 0 0 237.61217587373167 14.047350620067643 256.0 61.86809470124014 0 0 0 0 0 0 0
rbc 0.00 0 0 154.28410372040585 0.0 213.88838782412623 44.58511837655017 0 0 0 0 0 0 0
rbc 0.00 0 0 155.0913190529876 12.86020293122886 210.1443066516347 65.0586245772266 0 0 0 0 0 0 0
rbc 0.00 0 0 195.1431792559188 48.28184892897407 255.17023675310037 95.82750845546786 0 0 0 0 0 0 0
rbc 0.00 0 0 49.14317925591882 81.14430665163472 103.67756482525364 124.97970687711388 0 0 0 0 0 0 0
rbc 0.00 0 0 88.86471251409245 81.78354002254791 133.86020293122886 126.3957158962796 0 0 0 0 0 0 0
rbc 0.00 0 0 101.0304396843292 69.52987598647125 146.13754227733935 110.7260428410372 0 0 0 0 0 0 0
rbc 0.00 0 0 119.2119503945885 59.64599774520857 160.67192784667418 95.71702367531005 0 0 0 0 0 0 0
rbc 0.00 0 0 148.06877113866966 67.42841037204059 202.4193912063134 112.44983089064262 0 0 0 0 0 0 0
rbc 0.00 0 0 240.2514092446449 84.55806087936865 256.0 133.5704622322435 0 0 0 0 0 0 0
rbc 0.00 0 0 240.76437429537768 125.5997745208568 256.0 166.4847801578354 0 0 0 0 0 0 0
rbc 0.00 0 0 211.28184892897409 196.80947012401356 256.0 244.36865839909808 0 0 0 0 0 0 0
rbc 0.00 0 0 233.3889515219842 166.64825253664034 256.0 208.79030439684328 0 0 0 0 0 0 0
rbc 0.00 0 0 156.7204058624577 234.44644870349487 213.3833145434047 256.0 0 0 0 0 0 0 0
rbc 0.00 0 0 0.0 130.26042841037204 38.721533258173615 189.3776775648253 0 0 0 0 0 0 0
rbc 0.00 0 0 28.76662908680947 190.9605411499436 77.52423900789177 245.29537767756483 0 0 0 0 0 0 0
rbc 0.00 0 0 0.2615558060879368 223.34498308906424 32.40473506200676 256.0 0 0 0 0 0 0 0
