wbc 0.00 0 0 109.96499416569428 89.86114352392065 224.68961493582265 195.6744457409568 0 0 0 0 0 0 0
rbc 0.00 0 0 0.0 12.072345390898482 54.550758459743285 79.05484247374561 0 0 0 0 0 0 0
rbc 0.00 0 0 88.51808634772462 10.810968494749124 156.91948658109686 79.41773628938155 0 0 0 0 0 0 0
rbc 0.00 0 0 177.318553092182 0.6826137689614935 247.3850641773629 56.323220536756125 0 0 0 0 0 0 0
rbc 0.00 0 0 175.6207701283547 43.10501750291715 241.4200700116686 94.65694282380396 0 0 0 0 0 0 0
rbc 0.00 0 0 74.36172695449241 68.38623103850641 131.74329054842474 114.06184364060675 0 0 0 0 0 0 0
rbc 0.00 0 0 22.52975495915986 80.82147024504083 75.7911318553092 137.73512252042005 0 0 0 0 0 0 0
rbc 0.00 0 0 0.0 103.2298716452742 24.383897316219368 159.33138856476077 0 0 0 0 0 0 0
rbc 0.00 0 0 0.0 141.61260210035005 53.17619603267211 192.9918319719953 0 0 0 0 0 0 0
rbc 0.00 0 0 76.15052508751458 167.2112018669778 132.41773628938154 221.7339556592765 0 0 0 0 0 0 0
rbc 0.00 0 0 32.722287047841306 183.59859976662776 86.60793465577595 239.38856476079343 0 0 0 0 0 0 0
rbc 0.00 0 0 0.7689614935822636 202.83663943990663 52.6639439906651 256.0 0 0 0 0 0 0 0
rbc 0.00 0 0 205.6849474912485 79.70245040840139 255.073512252042 130.8833138856476 0 0 0 0 0 0 0
rbc 0.00 0 0 233.22287047841303 124.42590431738624 256.0 171.7607934655776 0 0 0 0 0 0 0
rbc 0.00 0 0 220.5705950991832 173.18669778296382 256.0 222.1656942823804 0 0 0 0 0 0 0
rbc 0.00 0 0 177.61843640606767 169.30455075845973 225.29404900816803 224.35472578763125 0 0 0 0 0 0 0
rbc 0.00 0 0 143.50058343057174 210.5134189031505 201.50175029171527 256.0 0 0 0 0 0 0 0
rbc 0.00 0 0 193.19253208868145 240.6161026837806 243.37339556592764 256.0 0 0 0 0 0 0 0
