wbc 0.00 0 0 94.87147688838782 139.2728297632469 191.20518602029316 239.7046223224352 0 0 0 0 0 0 0
rbc 0.00 0 0 0.0 0.0 14.209695603156709 40.9379932356257 0 0 0 0 0 0 0
rbc 0.00 0 0 19.83990980834273 1.8782412626832017 74.70349492671927 52.77677564825254 0 0 0 0 0 0 0
rbc 0.00 0 0 1.347237880496054 28.291995490417136 53.77790304396843 84.03607666290867 0 0 0 0 0 0 0
rbc 0.00 0 0 80.8173618940248 0.0 140.55242390078917 19.28523111612176 0 0 0 0 0 0 0
rbc 0.00 0 0 203.1003382187148 0.0 254.9120631341601 27.313416009019164 0 0 0 0 0 0 0
rbc 0.00 0 0 145.13979706877114 5.06651634723788 206.2288613303269 54.22660653889515 0 0 0 0 0 0 0
rbc 0.00 0 0 81.36527621195039 20.968432919954903 153.65050732807214 69.43179255918827 0 0 0 0 0 0 0
rbc 0.00 0 0 47.6651634723788 49.634723788049605 103.4284103720406 102.85682074408118 0 0 0 0 0 0 0
rbc 0.00 0 0 0.0 85.15670800450958 38.83089064261556 131.3314543404735 0 0 0 0 0 0 0
rbc 0.00 0 0 0.0 105.19278466741828 42.09470124013529 164.14205186020294 0 0 0 0 0 0 0
rbc 0.00 0 0 57.35400225479143 82.76775648252536 114.60766629086808 128.6944757609921 0 0 0 0 0 0 0
rbc 0.00 0 0 112.89289740698985 59.48139797068771 160.2344983089064 111.391206313416 0 0 0 0 0 0 0
rbc 0.00 0 0 172.84216459977452 40.339346110484776 230.2435174746336 93.83990980834272 0 0 0 0 0 0 0
rbc 0.00 0 0 233.50056369785796 50.73055242390079 256.0 105.83540022547912 0 0 0 0 0 0 0
rbc 0.00 0 0 234.37316798196167 108.47576099210822 256.0 165.92671927846672 0 0 0 0 0 0 0
rbc 0.00 0 0 140.8432919954904 94.17700112739573 201.2705749718151 147.25028184892898 0 0 0 0 0 0 0
rbc 0.00 0 0 172.62908680947012 100.87485907553553 229.52311161217588 171.5140924464487 0 0 0 0 0 0 0
rbc 0.00 0 0 43.17023675310033 120.16234498308906 113.97745208568207 173.33483652762118 0 0 0 0 0 0 0
rbc 0.00 0 0 64.75873731679819 138.33032694475762 122.75197294250282 187.44532130777904 0 0 0 0 0 0 0
rbc 0.00 0 0 0.0 170.6910935738444 38.22209695603157 228.5467869222097 0 0 0 0 0 0 0
rbc 0.00 0 0 20.364148816234497 173.8782412626832 66.70349492671927 231.89627959413752 0 0 0 0 0 0 0
rbc 0.00 0 0 89.43855693348365 238.86020293122888 148.0462232243517 256.0 0 0 0 0 0 0 0
rbc 0.00 0 0 211.782412626832 238.70236753100335 256.0 256.0 0 0 0 0 0 0 0
rbc 0.00 0 0 152.6042841037204 222.13416009019164 212.68883878241263 256.0 0 0 0 0 0 0 0
rbc 0.00 0 0 178.77564825253663 190.42953776775647 235.978579481398 245.00901916572715 0 0 0 0 0 0 0
