wbc 0.00 0 0 58.727170236753096 92.82074408117248 165.7485907553551 184.8827508455468 0 0 0 0 0 0 0
rbc 0.00 0 0 37.88838782412627 18.1815107102593 101.728297632469 82.45885005636978 0 0 0 0 0 0 0
rbc 0.00 0 0 123.09244644870348 6.3585118376550165 189.49830890642613 56.0597519729425 0 0 0 0 0 0 0
rbc 0.00 0 0 171.65952649379932 0.0 226.12739571589628 44.19503945885005 0 0 0 0 0 0 0
rbc 0.00 0 0 203.1747463359639 0.0 252.95264937993232 14.809470124013528 0 0 0 0 0 0 0
rbc 0.00 0 0 224.4284103720406 20.94813979706877 256.0 70.21871476888387 0 0 0 0 0 0 0
rbc 0.00 0 0 124.78917700112738 47.64487034949267 190.2457722660654 100.06877113866966 0 0 0 0 0 0 0
rbc 0.00 0 0 0.0 85.04171364148816 23.505073280721533 143.53664036076665 0 0 0 0 0 0 0
rbc 0.00 0 0 23.0304396843292 73.04960541149943 79.36302142051859 119.61217587373169 0 0 0 0 0 0 0
rbc 0.00 0 0 150.97406989853437 86.13303269447576 208.6471251409245 136.95152198421647 0 0 0 0 0 0 0
rbc 0.00 0 0 229.00901916572715 93.7237880496054 256.0 157.10146561443065 0 0 0 0 0 0 0
rbc 0.00 0 0 182.04735062006765 127.01465614430664 241.9143179255919 185.3878241262683 0 0 0 0 0 0 0
rbc 0.00 0 0 245.47463359639232 158.8714768883878 256.0 195.06200676437427 0 0 0 0 0 0 0
rbc 0.00 0 0 224.9661781285231 199.2547914317925 256.0 253.5738444193912 0 0 0 0 0 0 0
rbc 0.00 0 0 169.03945885005635 176.64487034949266 216.4870349492672 229.25028184892895 0 0 0 0 0 0 0
rbc 0.00 0 0 125.695603156708 173.3032694475761 174.5715896279594 229.71025930101464 0 0 0 0 0 0 0
rbc 0.00 0 0 93.304396843292 217.1488162344983 145.10935738444192 256.0 0 0 0 0 0 0 0
rbc 0.00 0 0 145.9086809470124 245.47350620067644 188.8737316798196 256.0 0 0 0 0 0 0 0
rbc 0.00 0 0 23.748590755355128 172.61330326944756 80.27395715896279 226.00789177001124 0 0 0 0 0 0 0
rbc 0.00 0 0 0.0 186.02254791431795 32.81623449830891 244.5388951521984 0 0 0 0 0 0 0
