wbc 0.00 0 0 98.00225479143178 101.1476888387824 176.7237880496054 189.36640360766629 0 0 0 0 0 0 0
rbc 0.00 0 0 3.2130777903043968 1.730552423900789 71.74520856820743 56.52311161217588 0 0 0 0 0 0 0
rbc 0.00 0 0 64.63134160090192 0.0 128.61217587373167 35.03945885005637 0 0 0 0 0 0 0
rbc 0.00 0 0 171.18714768883876 0.0 228.21420518602028 20.695603156708003 0 0 0 0 0 0 0
rbc 0.00 0 0 237.3077790304397 0.4261555806087936 256.0 49.83878241262683 0 0 0 0 0 0 0
rbc 0.00 0 0 169.92784667418263 22.52085682074408 238.62457722660653 76.52198421645997 0 0 0 0 0 0 0
rbc 0.00 0 0 221.5636978579481 62.83765501691093 256.0 119.37091319052988 0 0 0 0 0 0 0
rbc 0.00 0 0 106.98083427282975 23.616685456595263 166.32130777903043 82.46899661781285 0 0 0 0 0 0 0
rbc 0.00 0 0 0.0 48.87147688838783 24.232243517474632 96.62344983089064 0 0 0 0 0 0 0
rbc 0.00 0 0 43.03382187147689 46.39458850056369 97.2457722660654 108.23337091319053 0 0 0 0 0 0 0
rbc 0.00 0 0 0.0 68.55016910935738 49.11499436302142 129.19278466741827 0 0 0 0 0 0 0
rbc 0.00 0 0 84.25140924464486 67.05749718151071 139.30439684329198 121.49830890642616 0 0 0 0 0 0 0
rbc 0.00 0 0 150.97519729425028 71.1172491544532 198.83540022547916 134.57609921082295 0 0 0 0 0 0 0
rbc 0.00 0 0 176.68094701240133 77.35174746335963 220.00789177001127 132.42277339346109 0 0 0 0 0 0 0
rbc 0.00 0 0 217.7857948139797 120.82863585118376 256.0 178.6392333709132 0 0 0 0 0 0 0
rbc 0.00 0 0 0.0 129.03720405862458 25.92108229988726 183.6505073280721 0 0 0 0 0 0 0
rbc 0.00 0 0 0.0 166.97181510710257 43.985343855693344 224.04284103720403 0 0 0 0 0 0 0
rbc 0.00 0 0 28.02705749718151 126.64487034949266 92.31567080045096 189.61555806087932 0 0 0 0 0 0 0
rbc 0.00 0 0 56.43291995490417 165.72604284103718 112.47914317925591 222.0913190529876 0 0 0 0 0 0 0
rbc 0.00 0 0 167.5715896279594 154.80496054114994 220.0620067643743 209.9357384441939 0 0 0 0 0 0 0
rbc 0.00 0 0 14.76662908680947 214.9177001127396 71.98534385569334 255.782412626832 0 0 0 0 0 0 0
rbc 0.00 0 0 51.16009019165727 224.7779030439684 112.1510710259301 256.0 0 0 0 0 0 0 0
rbc 0.00 0 0 107.5445321307779 242.98534385569332 145.83089064261554 256.0 0 0 0 0 0 0 0
rbc 0.00 0 0 177.59751972942502 212.325817361894 239.21871476888387 256.0 0 0 0 0 0 0 0
rbc 0.00 0 0 243.11048478015783 218.06764374295375 256.0 254.8759864712514 0 0 0 0 0 0 0
rbc 0.00 0 0 249.5332581736189 166.0518602029312 256.0 197.03720405862452 0 0 0 0 0 0 0
