rbc 0.00 0 0 0.0 0.0 51.06417736289381 41.45507584597433 0 0 0 0 0 0 0
rbc 0.00 0 0 73.35589264877478 0.0 134.3278879813302 51.87981330221703 0 0 0 0 0 0 0
rbc 0.00 0 0 135.6161026837806 0.0 201.40023337222868 50.921820303383896 0 0 0 0 0 0 0
rbc 0.00 0 0 210.15519253208868 34.149358226371056 256.0 88.57992998833137 0 0 0 0 0 0 0
rbc 0.00 0 0 153.6826137689615 33.935822637106185 209.71995332555423 99.3080513418903 0 0 0 0 0 0 0
rbc 0.00 0 0 80.24854142357059 23.72345390898483 143.31738623103848 77.99649941656942 0 0 0 0 0 0 0
rbc 0.00 0 0 37.512252042007 60.89381563593932 106.40956826137688 120.87164527421236 0 0 0 0 0 0 0
rbc 0.00 0 0 110.00233372228703 66.14819136522753 177.2403733955659 127.82613768961492 0 0 0 0 0 0 0
rbc 0.00 0 0 30.397899649941653 116.78879813302215 92.09334889148192 169.48308051341888 0 0 0 0 0 0 0
rbc 0.00 0 0 13.109684947491248 155.09684947491246 74.69311551925321 210.6989498249708 0 0 0 0 0 0 0
rbc 0.00 0 0 0.0 193.6207701283547 61.87514585764293 249.83897316219367 0 0 0 0 0 0 0
rbc 0.00 0 0 94.64294049008168 124.23337222870477 150.42357059509916 179.3325554259043 0 0 0 0 0 0 0
rbc 0.00 0 0 150.55075845974326 119.49591598599766 194.5822637106184 168.81913652275378 0 0 0 0 0 0 0
rbc 0.00 0 0 208.40723453908984 97.9323220536756 256.0 166.3722287047841 0 0 0 0 0 0 0
rbc 0.00 0 0 143.39789964994165 155.10735122520418 201.2800466744457 209.5134189031505 0 0 0 0 0 0 0
rbc 0.00 0 0 99.0198366394399 180.61843640606767 152.07701283547257 235.22170361726955 0 0 0 0 0 0 0
rbc 0.00 0 0 100.8343057176196 219.0 154.48541423570595 256.0 0 0 0 0 0 0 0
rbc 0.00 0 0 174.0058343057176 197.0011668611435 241.6196032672112 254.7164527421237 0 0 0 0 0 0 0
rbc 0.00 0 0 225.93348891481912 190.0583430571762 256.0 244.59626604434072 0 0 0 0 0 0 0
rbc 0.00 0 0 197.42123687281213 0.0 253.8214702450408 16.10151691948658 0 0 0 0 0 0 0
