wbc 0.00 0 0 83.46674182638105 71.32356257046223 201.4475760992108 195.30552423900787 0 0 0 0 0 0 0
rbc 0.00 0 0 0.0 0.0 27.613303269447574 24.38218714768884 0 0 0 0 0 0 0
rbc 0.00 0 0 8.962795941375422 2.519729425028185 60.39007891770011 56.23675310033822 0 0 0 0 0 0 0
rbc 0.00 0 0 44.97181510710259 1.4633596392333708 100.06877113866966 50.87485907553551 0 0 0 0 0 0 0
rbc 0.00 0 0 94.98421645997745 18.900789177001126 152.94137542277338 74.35851183765502 0 0 0 0 0 0 0
rbc 0.00 0 0 128.70462232243517 0.0 190.66629086809468 21.762119503945883 0 0 0 0 0 0 0
rbc 0.00 0 0 130.30665163472378 20.91431792559188 190.29537767756483 69.84103720405862 0 0 0 0 0 0 0
rbc 0.00 0 0 192.4543404735062 0.0 252.24013528748588 37.32468996617813 0 0 0 0 0 0 0
rbc 0.00 0 0 0.0 59.88613303269448 11.17249154453213 101.14543404735062 0 0 0 0 0 0 0
rbc 0.00 0 0 7.543404735062007 58.52311161217588 54.6347237880496 104.97857948139796 0 0 0 0 0 0 0
rbc 0.00 0 0 190.14543404735065 77.1228861330327 238.29086809470124 130.98083427282975 0 0 0 0 0 0 0
rbc 0.00 0 0 208.369785794814 64.68094701240135 255.40924464487037 117.49154453213076 0 0 0 0 0 0 0
rbc 0.00 0 0 0.0 129.29425028184892 39.17249154453213 175.1724915445321 0 0 0 0 0 0 0
rbc 0.00 0 0 3.614430665163472 143.89853438556932 52.3021420518602 186.97970687711384 0 0 0 0 0 0 0
rbc 0.00 0 0 40.05749718151071 118.12852311161215 86.78241262683201 172.89289740698985 0 0 0 0 0 0 0
rbc 0.00 0 0 0.0 179.6989853438557 14.509582863585118 224.8827508455468 0 0 0 0 0 0 0
rbc 0.00 0 0 1.532130777903044 187.80270574971811 56.162344983089056 238.4216459977452 0 0 0 0 0 0 0
rbc 0.00 0 0 0.0 225.2852311161217 52.57046223224352 255.4825253664036 0 0 0 0 0 0 0
rbc 0.00 0 0 51.5152198421646 172.22886133032694 94.3337091319053 217.74633596392331 0 0 0 0 0 0 0
rbc 0.00 0 0 91.67531003382187 196.7091319052988 151.22998872604285 236.32807215332585 0 0 0 0 0 0 0
rbc 0.00 0 0 198.96279594137545 132.77113866967304 252.0259301014656 182.46674182638105 0 0 0 0 0 0 0
rbc 0.00 0 0 158.78015783540022 179.37429537767756 216.2852311161217 234.5738444193912 0 0 0 0 0 0 0
rbc 0.00 0 0 196.74408117249155 188.2153325817362 250.16685456595263 237.80608793686585 0 0 0 0 0 0 0
rbc 0.00 0 0 245.4757609921082 157.37655016910935 255.7655016910936 197.47576099210823 0 0 0 0 0 0 0
rbc 0.00 0 0 203.60766629086808 241.4870349492672 256.0 256.0 0 0 0 0 0 0 0
