rbc 0.00 0 0 0.0 6.37222870478413 53.95099183197199 57.7176196032672 0 0 0 0 0 0 0
rbc 0.00 0 0 12.504084014002332 0.0 70.64177362893815 27.07234539089848 0 0 0 0 0 0 0
rbc 0.00 0 0 52.87747957992998 19.486581096849477 99.75495915985996 64.56242707117852 0 0 0 0 0 0 0
rbc 0.00 0 0 103.16102683780628 0.0 164.85297549591598 37.53442240373396 0 0 0 0 0 0 0
rbc 0.00 0 0 73.64644107351225 0.4387397899649941 118.15402567094516 19.653442240373398 0 0 0 0 0 0 0
rbc 0.00 0 0 150.52275379229872 0.352392065344224 199.34772462077007 55.85997666277713 0 0 0 0 0 0 0
rbc 0.00 0 0 152.58226371061843 45.62893815635939 202.1843640606768 97.67211201866976 0 0 0 0 0 0 0
rbc 0.00 0 0 167.561260210035 69.78413068844807 222.0840140023337 113.91015169194866 0 0 0 0 0 0 0
rbc 0.00 0 0 196.79813302217036 0.0 251.5974329054842 41.55542590431738 0 0 0 0 0 0 0
rbc 0.00 0 0 212.28704784130687 17.551925320886813 255.15052508751455 70.56242707117852 0 0 0 0 0 0 0
rbc 0.00 0 0 0.0 52.43057176196032 33.42123687281213 99.28004667444574 0 0 0 0 0 0 0
rbc 0.00 0 0 18.718786464410734 57.80630105017502 72.81563593932322 113.64177362893815 0 0 0 0 0 0 0
rbc 0.00 0 0 0.0 98.3080513418903 26.79579929988331 152.88681446907816 0 0 0 0 0 0 0
rbc 0.00 0 0 0.0 171.0303383897316 10.546091015169194 222.1178529754959 0 0 0 0 0 0 0
rbc 0.00 0 0 0.0 224.1365227537923 35.42123687281213 256.0 0 0 0 0 0 0 0
rbc 0.00 0 0 76.98249708284713 170.24737456242707 130.30571761960326 227.8634772462077 0 0 0 0 0 0 0
rbc 0.00 0 0 103.87981330221704 198.56942823803965 162.66744457409567 246.35122520420063 0 0 0 0 0 0 0
rbc 0.00 0 0 129.7129521586931 191.2543757292882 180.8109684947491 228.9369894982497 0 0 0 0 0 0 0
rbc 0.00 0 0 165.62660443407233 163.29521586931153 231.98599766627768 199.8004667444574 0 0 0 0 0 0 0
rbc 0.00 0 0 183.41890315052507 176.7374562427071 228.8506417736289 223.91015169194864 0 0 0 0 0 0 0
rbc 0.00 0 0 205.16452742123687 103.51691948658107 255.7374562427071 170.48774795799298 0 0 0 0 0 0 0
rbc 0.00 0 0 118.79813302217036 234.8471411901984 176.30921820303382 256.0 0 0 0 0 0 0 0
rbc 0.00 0 0 190.3617269544924 239.2625437572929 232.34539089848303 256.0 0 0 0 0 0 0 0
wbc 0.00 0 0 71.39323220536755 73.91948658109685 171.8319719953325 180.5180863477246 0 0 0 0 0 0 0
wbc 0.00 0 0 7.11318553092182 133.6499416569428 76.13068844807468 214.33022170361727 0 0 0 0 0 0 0
rbc 0.00 0 0 237.5208568207441 239.5264937993236 256.0 255.9143179255919 0 0 0 0 0 0 0
