wbc 0.00 0 0 74.75535512965051 76.15219842164599 164.3416009019166 166.8139797068771 0 0 0 0 0 0 0
rbc 0.00 0 0 0.0 0.0 23.107102593010147 34.73618940248027 0 0 0 0 0 0 0
rbc 0.00 0 0 29.70574971815107 0.0 81.77790304396842 40.12288613303269 0 0 0 0 0 0 0
rbc 0.00 0 0 41.84441939120631 11.704622322435174 98.8162344983089 67.87598647125141 0 0 0 0 0 0 0
rbc 0.00 0 0 117.52987598647124 8.49718151071026 171.57948139797068 63.50394588500564 0 0 0 0 0 0 0
rbc 0.00 0 0 145.93010146561443 0.0 181.6166854565953 9.0304396843292 0 0 0 0 0 0 0
rbc 0.00 0 0 173.79481397970687 6.025930101465614 225.83990980834272 61.44644870349492 0 0 0 0 0 0 0
rbc 0.00 0 0 228.90191657271703 2.670800450958286 256.0 47.02818489289741 0 0 0 0 0 0 0
rbc 0.00 0 0 154.43630214205186 50.01578354002255 212.89402480270576 98.2085682074408 0 0 0 0 0 0 0
rbc 0.00 0 0 0.0 65.67418263810598 38.80608793686584 129.4543404735062 0 0 0 0 0 0 0
rbc 0.00 0 0 1.8286358511837653 92.3291995490417 51.228861330326936 149.37204058624576 0 0 0 0 0 0 0
rbc 0.00 0 0 25.14768883878241 110.76211950394588 73.38105975197294 157.64261555806087 0 0 0 0 0 0 0
rbc 0.00 0 0 39.87598647125141 49.582863585118375 92.2457722660654 112.2412626832018 0 0 0 0 0 0 0
rbc 0.00 0 0 227.12852311161217 112.66854565952649 256.0 182.054114994363 0 0 0 0 0 0 0
rbc 0.00 0 0 0.0 180.1567080045096 15.155580608793686 223.95152198421644 0 0 0 0 0 0 0
rbc 0.00 0 0 0.0 151.967305524239 32.449830890642616 218.6031567080045 0 0 0 0 0 0 0
rbc 0.00 0 0 34.47576099210823 177.1251409244645 87.06651634723788 229.91882750845548 0 0 0 0 0 0 0
rbc 0.00 0 0 102.89853438556932 168.8162344983089 151.31679819616684 209.52198421645997 0 0 0 0 0 0 0
rbc 0.00 0 0 158.71138669673056 164.7914317925592 215.21984216459975 201.81397970687712 0 0 0 0 0 0 0
rbc 0.00 0 0 141.56031567080043 200.9436302142052 198.87711386696728 247.6651634723788 0 0 0 0 0 0 0
rbc 0.00 0 0 198.62908680947007 180.71025930101464 242.09808342728297 230.0236753100338 0 0 0 0 0 0 0
rbc 0.00 0 0 227.46223224351743 212.77226606538892 256.0 253.8985343855693 0 0 0 0 0 0 0
