wbc 0.00 0 0 0 94.15783540022548 57.24577226606539 156.88275084554678 124.98534385569334 0 0 0 0 0 0 0
rbc 0.00 0 0 0 2.3156708004509583 7.820744081172491 53.62570462232243 64.15558060879368 0 0 0 0 0 0 0
rbc 0.00 0 0 0 230.13416009019164 0.0 256.0 31.37429537767756 0 0 0 0 0 0 0
rbc 0.00 0 0 0 202.3641488162345 75.20067643742954 255.1758737316798 131.0845546786922 0 0 0 0 0 0 0
rbc 0.00 0 0 0 4.086809470124013 66.83314543404735 59.31341600901917 125.62795941375424 0 0 0 0 0 0 0
rbc 0.00 0 0 0 43.93010146561443 109.02254791431793 102.67756482525364 164.7542277339346 0 0 0 0 0 0 0
rbc 0.00 0 0 0 105.01352874859074 125.76324689966178 164.61781285231115 179.68658399098084 0 0 0 0 0 0 0
rbc 0.00 0 0 0 184.07779030439684 132.36978579481396 239.04171364148817 185.5727170236753 0 0 0 0 0 0 0
rbc 0.00 0 0 0 241.58850056369783 123.07102593010146 256.0 176.91770011273957 0 0 0 0 0 0 0
rbc 0.00 0 0 0 223.7846674182638 176.68432919954904 256.0 239.5445321307779 0 0 0 0 0 0 0
rbc 0.00 0 0 0 169.36753100338217 190.44081172491545 220.91995490417133 244.89289740698985 0 0 0 0 0 0 0
rbc 0.00 0 0 0 110.0913190529876 180.9943630214205 166.3979706877114 233.26155580608796 0 0 0 0 0 0 0
rbc 0.00 0 0 0 29.12739571589628 237.9909808342728 85.65501691093573 256.0 0 0 0 0 0 0 0
rbc 0.00 0 0 0 0.0 201.6944757609921 11.607666290868094 245.0631341600902 0 0 0 0 0 0 0
rbc 0.00 0 0 0 157.06877113866966 246.086809470124 206.5941375422773 256.0 0 0 0 0 0 0 0
rbc 0.00 0 0 0 231.7508455467869 243.31454340473505 256.0 256.0 0 0 0 0 0 0 0
