wbc 0.00 0 0 0 73.36640360766629 136.52874859075536 171.87034949267192 220.608793686584 0 0 0 0 0 0 0
rbc 0.00 0 0 0 0.0 0.0 29.206313416009017 25.21420518602029 0 0 0 0 0 0 0
rbc 0.00 0 0 0 2.6877113866967304 0.0 47.97970687711387 33.58511837655017 0 0 0 0 0 0 0
rbc 0.00 0 0 0 0.0 35.687711386696726 13.170236753100337 70.61781285231115 0 0 0 0 0 0 0
rbc 0.00 0 0 0 8.376550169109358 37.88613303269448 55.89966178128523 91.10259301014656 0 0 0 0 0 0 0
rbc 0.00 0 0 0 45.30890642615558 9.47914317925592 104.32581736189402 68.05411499436302 0 0 0 0 0 0 0
rbc 0.00 0 0 0 87.74520856820743 5.1521984216459975 139.61894024802706 58.77452085682074 0 0 0 0 0 0 0
rbc 0.00 0 0 0 103.4227733934611 1.585118376550169 159.23337091319053 53.3652762119504 0 0 0 0 0 0 0
rbc 0.00 0 0 0 151.08342728297632 0.0 201.50394588500563 22.196166854565952 0 0 0 0 0 0 0
rbc 0.00 0 0 0 216.7046223224352 1.040586245772266 256.0 21.46110484780158 0 0 0 0 0 0 0
rbc 0.00 0 0 0 187.26042841037204 11.489289740698984 240.97745208568207 66.7553551296505 0 0 0 0 0 0 0
rbc 0.00 0 0 0 217.93686583990976 25.10484780157835 256.0 76.33596392333709 0 0 0 0 0 0 0
rbc 0.00 0 0 0 135.35625704622322 55.46448703494927 181.97970687711387 105.91431792559187 0 0 0 0 0 0 0
rbc 0.00 0 0 0 116.86471251409245 83.7869222096956 173.76211950394588 137.0383314543405 0 0 0 0 0 0 0
rbc 0.00 0 0 0 194.09357384441935 69.36189402480271 244.4498308906426 119.31905298759864 0 0 0 0 0 0 0
rbc 0.00 0 0 0 176.2683201803833 95.3303269447576 227.8872604284104 147.18376550169108 0 0 0 0 0 0 0
rbc 0.00 0 0 0 164.97294250281848 123.78015783540022 222.03156708004508 173.33821871476886 0 0 0 0 0 0 0
rbc 0.00 0 0 0 172.58286358511836 157.184892897407 223.67756482525365 205.48478015783544 0 0 0 0 0 0 0
rbc 0.00 0 0 0 176.6922209695603 197.3179255918828 237.28410372040585 254.8838782412627 0 0 0 0 0 0 0
rbc 0.00 0 0 0 208.86583990980836 196.59639233370916 255.06200676437427 256.0 0 0 0 0 0 0 0
rbc 0.00 0 0 0 0.0 122.9718151071026 14.80608793686584 174.56031567080043 0 0 0 0 0 0 0
rbc 0.00 0 0 0 0.0 160.26155580608793 25.73957158962796 216.44193912063133 0 0 0 0 0 0 0
rbc 0.00 0 0 0 18.35287485907553 108.66403607666292 66.28410372040585 175.21645997745208 0 0 0 0 0 0 0
rbc 0.00 0 0 0 33.34385569334837 101.90078917700112 93.18602029312288 153.9695603156708 0 0 0 0 0 0 0
rbc 0.00 0 0 0 24.246899661781285 172.4881623449831 71.6989853438557 227.7519729425028 0 0 0 0 0 0 0
rbc 0.00 0 0 0 15.049605411499437 229.325817361894 70.94926719278467 256.0 0 0 0 0 0 0 0
