wbc 0.00 0 0 0 96.37880496054116 94.9391206313416 156.0620067643743 153.7914317925592 0 0 0 0 0 0 0
rbc 0.00 0 0 0 39.010146561443065 0.0 94.79706877113868 24.23562570462232 0 0 0 0 0 0 0
rbc 0.00 0 0 0 209.55016910935737 0.0 256.0 29.464487034949265 0 0 0 0 0 0 0
rbc 0.00 0 0 0 224.52423900789177 15.447576099210822 256.0 61.89627959413754 0 0 0 0 0 0 0
rbc 0.00 0 0 0 166.10033821871477 1.2085682074408115 216.89515219842164 58.339346110484776 0 0 0 0 0 0 0
rbc 0.00 0 0 0 115.7260428410372 0.0 165.41488162344982 49.812852311161215 0 0 0 0 0 0 0
rbc 0.00 0 0 0 88.423900789177 10.076662908680946 141.7880496054115 69.76211950394588 0 0 0 0 0 0 0
rbc 0.00 0 0 0 55.79932356257046 24.29988726042841 111.65614430665164 84.63021420518602 0 0 0 0 0 0 0
rbc 0.00 0 0 0 2.1691093573844418 44.89853438556933 51.34385569334837 89.29537767756483 0 0 0 0 0 0 0
rbc 0.00 0 0 0 0.91206313416009 65.40135287485907 52.98196166854566 131.49379932356257 0 0 0 0 0 0 0
rbc 0.00 0 0 0 61.39007891770011 60.6662908680947 120.49830890642616 107.72153325817362 0 0 0 0 0 0 0
rbc 0.00 0 0 0 147.35287485907554 60.25479143179256 195.50169109357384 106.88613303269446 0 0 0 0 0 0 0
rbc 0.00 0 0 0 201.74746335963923 62.42841037204058 251.3551296505073 121.46674182638104 0 0 0 0 0 0 0
rbc 0.00 0 0 0 42.84441939120631 106.94701240135286 93.41600901916571 160.91657271702366 0 0 0 0 0 0 0
rbc 0.00 0 0 0 22.67756482525366 164.04847801578353 80.50732807215331 219.3551296505073 0 0 0 0 0 0 0
rbc 0.00 0 0 0 0.0 209.6651634723788 44.39007891770011 255.11048478015783 0 0 0 0 0 0 0
rbc 0.00 0 0 0 159.50169109357384 121.23111612175872 214.1375422773393 174.43517474633595 0 0 0 0 0 0 0
rbc 0.00 0 0 0 219.71138669673053 123.78917700112738 256.0 182.9323562570462 0 0 0 0 0 0 0
rbc 0.00 0 0 0 144.3923337091319 179.217587373168 203.54565952649375 230.44306651634724 0 0 0 0 0 0 0
rbc 0.00 0 0 0 184.18376550169108 177.3979706877114 230.2649379932356 229.9086809470124 0 0 0 0 0 0 0
rbc 0.00 0 0 0 100.24464487034948 213.95828635851183 152.32130777903043 256.0 0 0 0 0 0 0 0
rbc 0.00 0 0 0 156.1792559188275 236.76437429537768 205.1262683201804 256.0 0 0 0 0 0 0 0
rbc 0.00 0 0 0 194.4374295377677 231.88162344983087 238.2626832018038 256.0 0 0 0 0 0 0 0
